(1,1):((1,1),(7,6))
(1,2):((1,1),(4,7))
(1,3):((1,2),(2,1))
(1,4):((1,2),(4,2))
(1,5):((1,2),(5,2))
(1,6):((1,2),(7,3))
(1,7):((2,2),(1,6))
(1,8):((1,1),(6,6))
(1,9):((1,1),(5,8))
(1,10):((1,1),(4,8))
(1,11):((1,2),(4,1))
(1,12):((1,2),(5,1))
(1,13):((1,2),(6,2))
(1,14):((2,2),(1,2))
(1,15):((2,1),(1,7))
(1,16):((1,1),(7,5))
(1,17):((1,1),(5,4))
(1,18):((1,1),(3,5))
(1,19):((1,1),(2,7))
(1,20):((1,2),(2,2))
(1,21):((1,2),(3,4))
(1,22):((1,2),(7,4))
(1,23):((2,2),(2,3))
(1,24):((1,2),(7,2))
(1,25):((2,2),(2,1))
(1,26):((2,1),(2,6))
(1,27):((2,1),(0,5))
(1,28):((1,1),(7,4))
(1,29):((1,1),(6,4))
(1,30):((1,1),(6,3))
(1,31):((1,1),(2,4))
(1,32):((1,1),(2,6))
(1,33):((1,2),(3,1))
(1,34):((1,2),(6,4))
(1,35):((2,2),(1,4))
(1,36):((1,2),(6,1))
(1,37):((1,1),(5,6))
(1,38):((1,1),(4,4))
(1,39):((1,1),(7,3))
(1,40):((1,2),(1,4))
(2,1):((2,1),(2,7))
(2,2):((2,1),(4,7))
(2,3):((2,1),(7,6))
(2,4):((3,1),(1,7))
(2,5):((3,1),(2,6))
(2,6):((3,1),(4,7))
(2,7):((3,1),(6,7))
(2,8):((3,1),(7,4))
(2,9):((3,1),(5,4))
(2,10):((3,1),(3,5))
(2,11):((3,1),(2,5))
(2,12):((3,1),(2,2))
(2,13):((3,1),(3,3))
(2,14):((3,1),(4,2))
(2,15):((3,1),(6,3))
(2,16):((3,1),(5,2))
(2,17):((3,1),(4,0))
(2,18):((3,0),(3,7.5))
(2,19):((3,0),(1.5,7))
(2,20):((3,0),(5,6.8))
(2,21):((3,0),(6,6))
(2,22):((3,0),(5,4.9))
(2,23):((3,0),(3.5))
(2,24):((3,0),(0.5,5.5))
(2,25):((3,0),(2,4.5))
(2,26):((3,0),(3,3))
(2,27):((3,0),(4,2))
(2,28):((3,0),(2,2))
(2,29):((3,0),(1,3))
(2,30):((2,0),(7,3.5))
(2,31):((2,0),(5,6))
(2,32):((2,0),(5,4))
(2,33):((2,0),(6,2))
(2,34):((2,0),(5,1))
(2,35):((2,0),(4,2))
(2,36):((2,0),(3,5))
(2,37):((2,0),(2,4))
(2,38):((2,0),(2,2))
(2,39):((2,0),(1,7))
(2,40):((2,0),(1,4))
(2,41):((2,0),(0,1))
(2,42):((1,0),(7,4))
(2,42):((1,0),(7,4))
(2,43):((1,0),(6,7))
(3,1):((1,0),(2,2))
(3,2):((1,0),(3,1))
(3,3):((1,0),(1,3))
(3,4):((1,0),(0,6))
(3,5):((1,0),(0,3))
(3,6):((0,0),(4,2))
(3,7):((0,0),(3,4))
(3,8):((0,0),(7,4))
(3,9):((0,0),(7,6))
(3,10):((0,0),(7,7))
(3,11):((0,0),(4,6))
(3,12):((0,0),(4,5))
(3,13):((0,0),(2,4))
(3,14):((0,0),(1,3))
(3,15):((0,0),(1,6))
(3,16):((0,0),(3,8))
(3,17):((0,1),(6,1))
(3,18):((0,1),(7,2))
(3,19):((0,1),(5,2))
(3,20):((0,1),(2,1))
(3,21):((0,1),(2,3))
(3,22):((0,1),(3,4))
(3,23):((0,1),(5,5))
(3,24):((0,1),(5,6))
(3,25):((0,1),(2,6))
(3,26):((0,1),(1,5))
(3,27):((0,1),(1,6.5))
(3,28):((0,1),(1,7))
(3,29):((0,1),(4,8))
(3,30):((0,1),(5,7))
(3,31):((0,2),(5,1))
(3,32):((0,2),(3,1))
(3,33):((0,2),(1,2))
(3,34):((0,2),(3,3))
(3,35):((0,2),(4,4))
(3,36):((0,2),(3,5))
(3,37):((0,2),(1,5))
(3,38):((0,2),(0,6))
(3,39):((0,2),(2,7))
(3,40):((0,2),(4,6))
(3,41):((0,2),(6,5))
(3,42):((0,2),(5,6))
(3,43):((0,2),(7,5.8))
(3,44):((0,2),(7,8))
(3,45):((0,2),(1,8))
(3,46):((0,3),(1,2))
(3,47):((0,3),(5,1))
(3,48):((0,3),(3,3))
(3,49):((0,3),(0,4))
(3,50):((0,3),(2,5))
(4,1):((1,3),(0,3))
(4,2):((1,3),(1,2))
(4,3):((0,3),(7,4))
(4,4):((1,3),(1,6))
(4,5):((1,3),(2,4))
(4,6):((1,3),(3,5))
(4,7):((1,3),(3,6))
(4,8):((1,3),(4,7))
(4,9):((1,3),(5,4.5))
(4,10):((1,3),(4,3))
(4,11):((1,3),(5,2))
(4,12):((1,3),(6,4))
(4,13):((1,3),(7,5))
(4,14):((1,3),(8,7))
(4,15):((1,3),(7,4))
(4,16):((1,3),(7,3))
(4,17):((2,3),(1,3))
(4,18):((2,3),(2,7.5))
(4,19):((2,3),(2,4))
(4,20):((2,3),(4,5))
(4,21):((2,3),(5,2))
(4,22):((2,3),(5,4))
(4,23):((2,3),(6,8))
(4,24):((2,3),(6,5))
(4,25):((2,3),(8,6))
(4,26):((2,3),(7,5))
(4,27):((2,3),(6,2))
(4,28):((2,3),(7,3))
(4,29):((2,3),(7,1))
(4,30):((3,3),(0,1))
(4,31):((3,3),(1,0))
(4,32):((3,3),(2,2))
(4,33):((3,3),(1,2))
(4,34):((3,3),(1.5,3))
(4,35):((3,3),(2,6))
(4,36):((3,3),(5,5))
(4,37):((3,3),(6,3))
(4,38):((3,3),(7,6))
(4,39):((3,3),(7,4))
(4,40):((3,3),(6,1))
(4,41):((3,3),(6,0))
(4,42):((3,3),(7,0))
(4,43):((3,2),(6,8))
(4,44):((3,2),(5,7))
(4,45):((3,2),(7,6))
(4,46):((3,2),(4,5))
(4,47):((3,2),(4,4))
(4,48):((3,2),(5,3))
(4,49):((3,2),(7,3))
(4,50):((3,2),(7,2))
(4,51):((3,2),(5,1))
(4,52):((3,2),(3,1))