0th LED POS:(-0.1, 9.0, -0.1)
0th LED frame:
0.00786	-0.00786	0.00786	-0.07071
0.00000	0.99994	0.00012	9.00000
-0.00786	-0.00786	0.00786	-0.07071
0.00000	0.00000	0.00000	1.00000

1th LED POS:(0.0, 9.0, 0.2)
1th LED frame:
-0.01719	-0.00061	0.00061	-0.00550
0.00000	0.99985	0.00030	9.00000
-0.00061	0.01719	-0.01719	0.15473
0.00000	0.00000	0.00000	1.00000

2th LED POS:(-0.1, 9.0, -0.2)
2th LED frame:
0.02181	-0.00816	0.00816	-0.07349
0.00000	0.99973	0.00054	9.00000
-0.00816	-0.02181	0.02180	-0.19635
0.00000	0.00000	0.00000	1.00000

3th LED POS:(0.3, 9.0, 0.0)
3th LED frame:
-0.00517	0.02892	-0.02890	0.26035
0.00000	0.99957	0.00086	9.00000
0.02892	0.00517	-0.00517	0.04654
0.00000	0.00000	0.00000	1.00000

4th LED POS:(-0.1, 9.0, 0.3)
4th LED frame:
-0.03373	-0.01094	0.01094	-0.09855
0.00000	0.99937	0.00126	9.00000
-0.01094	0.03373	-0.03370	0.30372
0.00000	0.00000	0.00000	1.00000

5th LED POS:(-0.4, 9.0, -0.1)
5th LED frame:
0.00741	-0.04087	0.04083	-0.36813
0.00000	0.99914	0.00173	9.00000
-0.04087	-0.00741	0.00740	-0.06674
0.00000	0.00000	0.00000	1.00000

6th LED POS:(-0.1, 9.0, -0.4)
6th LED frame:
0.04706	-0.00720	0.00719	-0.06488
0.00000	0.99887	0.00227	9.00000
-0.00720	-0.04706	0.04701	-0.42402
0.00000	0.00000	0.00000	1.00000

7th LED POS:(0.4, 9.0, -0.3)
7th LED frame:
0.03172	0.04330	-0.04324	0.39025
0.00000	0.99856	0.00288	9.00000
0.04330	-0.03172	0.03168	-0.28592
0.00000	0.00000	0.00000	1.00000

8th LED POS:(0.5, 9.0, 0.2)
8th LED frame:
-0.01997	0.05630	-0.05620	0.50763
0.00000	0.99821	0.00357	9.00000
0.05630	0.01997	-0.01993	0.18003
0.00000	0.00000	0.00000	1.00000

9th LED POS:(0.2, 9.0, 0.6)
9th LED frame:
-0.06178	0.02264	-0.02259	0.20419
0.00000	0.99783	0.00433	9.00000
0.02264	0.06178	-0.06164	0.55720
0.00000	0.00000	0.00000	1.00000

10th LED POS:(-0.3, 9.0, 0.6)
10th LED frame:
-0.06470	-0.03123	0.03115	-0.28182
0.00000	0.99742	0.00516	9.00000
-0.03123	0.06470	-0.06453	0.58380
0.00000	0.00000	0.00000	1.00000

11th LED POS:(-0.7, 9.0, 0.3)
11th LED frame:
-0.02926	-0.07218	0.07196	-0.65159
0.00000	0.99696	0.00607	9.00000
-0.07218	0.02926	-0.02917	0.26412
0.00000	0.00000	0.00000	1.00000

12th LED POS:(-0.7, 9.0, -0.2)
12th LED frame:
0.02444	-0.08028	0.07999	-0.72506
0.00000	0.99647	0.00704	9.00000
-0.08028	-0.02444	0.02436	-0.22075
0.00000	0.00000	0.00000	1.00000

13th LED POS:(-0.5, 9.0, -0.7)
13th LED frame:
0.07202	-0.05387	0.05365	-0.48677
0.00000	0.99595	0.00809	9.00000
-0.05387	-0.07202	0.07173	-0.65085
0.00000	0.00000	0.00000	1.00000

14th LED POS:(0.0, 9.0, -0.9)
14th LED frame:
0.09583	-0.00483	0.00481	-0.04372
0.00000	0.99539	0.00921	9.00000
-0.00483	-0.09583	0.09539	-0.86647
0.00000	0.00000	0.00000	1.00000

15th LED POS:(0.4, 9.0, -0.8)
15th LED frame:
0.08922	0.04933	-0.04908	0.44632
0.00000	0.99479	0.01039	9.00000
0.04933	-0.08922	0.08876	-0.80723
0.00000	0.00000	0.00000	1.00000

16th LED POS:(0.8, 9.0, -0.5)
16th LED frame:
0.05571	0.09246	-0.09192	0.83699
0.00000	0.99416	0.01165	9.00000
0.09246	-0.05571	0.05539	-0.50438
0.00000	0.00000	0.00000	1.00000

17th LED POS:(1.0, 9.0, 0.0)
17th LED frame:
0.00541	0.11380	-0.11306	1.03088
0.00000	0.99349	0.01298	9.00000
0.11380	-0.00541	0.00538	-0.04903
0.00000	0.00000	0.00000	1.00000

18th LED POS:(1.0, 9.0, 0.4)
18th LED frame:
-0.04907	0.10939	-0.10860	0.99167
0.00000	0.99279	0.01437	9.00000
0.10939	0.04907	-0.04872	0.44485
0.00000	0.00000	0.00000	1.00000

19th LED POS:(0.7, 9.0, 0.9)
19th LED frame:
-0.09601	0.08136	-0.08072	0.73813
0.00000	0.99205	0.01584	9.00000
0.08136	0.09601	-0.09524	0.87100
0.00000	0.00000	0.00000	1.00000

20th LED POS:(0.3, 9.0, 1.2)
20th LED frame:
-0.12673	0.03615	-0.03583	0.32819
0.00000	0.99128	0.01737	9.00000
0.03615	0.12673	-0.12563	1.15064
0.00000	0.00000	0.00000	1.00000

21th LED POS:(-0.2, 9.0, 1.2)
21th LED frame:
-0.13658	-0.01762	0.01745	-0.16008
0.00000	0.99047	0.01897	9.00000
-0.01762	0.13658	-0.13528	1.24107
0.00000	0.00000	0.00000	1.00000

22th LED POS:(-0.6, 9.0, 1.1)
22th LED frame:
-0.12486	-0.07099	0.07025	-0.64559
0.00000	0.98963	0.02063	9.00000
-0.07099	0.12486	-0.12356	1.13548
0.00000	0.00000	0.00000	1.00000

23th LED POS:(-1.1, 9.0, 0.9)
23th LED frame:
-0.09415	-0.11616	0.11486	-1.05734
0.00000	0.98876	0.02236	9.00000
-0.11616	0.09415	-0.09309	0.85695
0.00000	0.00000	0.00000	1.00000

24th LED POS:(-1.3, 9.0, 0.4)
24th LED frame:
-0.04934	-0.14736	0.14557	-1.34257
0.00000	0.98785	0.02415	9.00000
-0.14736	0.04934	-0.04874	0.44953
0.00000	0.00000	0.00000	1.00000

25th LED POS:(-1.5, 9.0, 0.0)
25th LED frame:
0.00343	-0.16123	0.15912	-1.47032
0.00000	0.98691	0.02601	9.00000
-0.16123	-0.00343	0.00339	-0.03132
0.00000	0.00000	0.00000	1.00000

26th LED POS:(-1.4, 9.0, -0.5)
26th LED frame:
0.05779	-0.15681	0.15460	-1.43138
0.00000	0.98594	0.02793	9.00000
-0.15681	-0.05779	0.05697	-0.52750
0.00000	0.00000	0.00000	1.00000

27th LED POS:(-1.2, 9.0, -1.0)
27th LED frame:
0.10782	-0.13522	0.13318	-1.23558
0.00000	0.98493	0.02991	9.00000
-0.13522	-0.10782	0.10620	-0.98525
0.00000	0.00000	0.00000	1.00000

28th LED POS:(-0.9, 9.0, -1.4)
28th LED frame:
0.14869	-0.09923	0.09763	-0.90767
0.00000	0.98389	0.03195	9.00000
-0.09923	-0.14869	0.14629	-1.36007
0.00000	0.00000	0.00000	1.00000

29th LED POS:(-0.5, 9.0, -1.6)
29th LED frame:
0.17687	-0.05269	0.05178	-0.48249
0.00000	0.98282	0.03406	9.00000
-0.05269	-0.17687	0.17383	-1.61962
0.00000	0.00000	0.00000	1.00000

30th LED POS:(0.0, 9.0, -1.7)
30th LED frame:
0.19032	-0.00002	0.00002	-0.00021
0.00000	0.98172	0.03622	9.00000
-0.00002	-0.19032	0.18684	-1.74479
0.00000	0.00000	0.00000	1.00000

31th LED POS:(0.5, 9.0, -1.7)
31th LED frame:
0.18842	0.05425	-0.05320	0.49791
0.00000	0.98059	0.03845	9.00000
0.05425	-0.18842	0.18476	-1.72936
0.00000	0.00000	0.00000	1.00000

32th LED POS:(1.0, 9.0, -1.6)
32th LED frame:
0.17180	0.10589	-0.10371	0.97304
0.00000	0.97942	0.04073	9.00000
0.10589	-0.17180	0.16826	-1.57865
0.00000	0.00000	0.00000	1.00000

33th LED POS:(1.4, 9.0, -1.3)
33th LED frame:
0.14211	0.15123	-0.14794	1.39137
0.00000	0.97823	0.04307	9.00000
0.15123	-0.14211	0.13901	-1.30744
0.00000	0.00000	0.00000	1.00000

34th LED POS:(1.7, 9.0, -0.9)
34th LED frame:
0.10179	0.18735	-0.18304	1.72584
0.00000	0.97701	0.04546	9.00000
0.18735	-0.10179	0.09944	-0.93763
0.00000	0.00000	0.00000	1.00000

35th LED POS:(2.0, 9.0, -0.5)
35th LED frame:
0.05375	0.21218	-0.20704	1.95710
0.00000	0.97575	0.04791	9.00000
0.21218	-0.05375	0.05245	-0.49579
0.00000	0.00000	0.00000	1.00000

36th LED POS:(2.1, 9.0, 0.0)
36th LED frame:
0.00117	0.22453	-0.21880	2.07372
0.00000	0.97447	0.05042	9.00000
0.22453	-0.00117	0.00114	-0.01084
0.00000	0.00000	0.00000	1.00000

37th LED POS:(2.1, 9.0, 0.5)
37th LED frame:
-0.05277	0.22403	-0.21801	2.07188
0.00000	0.97315	0.05297	9.00000
0.22403	0.05277	-0.05135	0.48799
0.00000	0.00000	0.00000	1.00000

38th LED POS:(2.0, 9.0, 1.0)
38th LED frame:
-0.10505	0.21106	-0.20511	1.95465
0.00000	0.97181	0.05558	9.00000
0.21106	0.10505	-0.10209	0.97291
0.00000	0.00000	0.00000	1.00000

39th LED POS:(1.7, 9.0, 1.4)
39th LED frame:
-0.15300	0.18665	-0.18113	1.73099
0.00000	0.97044	0.05825	9.00000
0.18665	0.15300	-0.14848	1.41892
0.00000	0.00000	0.00000	1.00000

40th LED POS:(1.4, 9.0, 1.8)
40th LED frame:
-0.19432	0.15231	-0.14759	1.41455
0.00000	0.96904	0.06096	9.00000
0.15231	0.19432	-0.18830	1.80476
0.00000	0.00000	0.00000	1.00000

41th LED POS:(1.0, 9.0, 2.1)
41th LED frame:
-0.22723	0.10993	-0.10637	1.02250
0.00000	0.96762	0.06372	9.00000
0.10993	0.22723	-0.21987	2.11353
0.00000	0.00000	0.00000	1.00000

42th LED POS:(0.6, 9.0, 2.3)
42th LED frame:
-0.25046	0.06165	-0.05956	0.57429
0.00000	0.96616	0.06653	9.00000
0.06165	0.25046	-0.24198	2.33306
0.00000	0.00000	0.00000	1.00000

43th LED POS:(0.1, 9.0, 2.5)
43th LED frame:
-0.26324	0.00970	-0.00936	0.09050
0.00000	0.96468	0.06939	9.00000
0.00970	0.26324	-0.25394	2.45586
0.00000	0.00000	0.00000	1.00000

44th LED POS:(-0.4, 9.0, 2.5)
44th LED frame:
-0.26530	-0.04368	0.04207	-0.40813
0.00000	0.96318	0.07229	9.00000
-0.04368	0.26530	-0.25553	2.47899
0.00000	0.00000	0.00000	1.00000

45th LED POS:(-0.9, 9.0, 2.4)
45th LED frame:
-0.25683	-0.09634	0.09264	-0.90162
0.00000	0.96164	0.07524	9.00000
-0.09634	0.25683	-0.24698	2.40365
0.00000	0.00000	0.00000	1.00000

46th LED POS:(-1.4, 9.0, 2.2)
46th LED frame:
-0.23840	-0.14630	0.14046	-1.37142
0.00000	0.96009	0.07824	9.00000
-0.14630	0.23840	-0.22888	2.23476
0.00000	0.00000	0.00000	1.00000

47th LED POS:(-1.8, 9.0, 2.0)
47th LED frame:
-0.21091	-0.19181	0.18385	-1.80101
0.00000	0.95850	0.08127	9.00000
-0.19181	0.21091	-0.20216	1.98036
0.00000	0.00000	0.00000	1.00000

48th LED POS:(-0.1, 9.0, -0.1)
48th LED frame:0.00786	-0.00786	0.00786	-0.07071
0.00000	0.99994	0.00012	9.00000
-0.00786	-0.00786	0.00786	-0.07071
0.00000	0.00000	0.00000	1.00000

49th LED POS:(0.0, 9.0, 0.2)
49th LED frame:-0.01719	-0.00061	0.00061	-0.00550
0.00000	0.99985	0.00030	9.00000
-0.00061	0.01719	-0.01719	0.15473
0.00000	0.00000	0.00000	1.00000

50th LED POS:(-0.1, 9.0, -0.2)
50th LED frame:0.02181	-0.00816	0.00816	-0.07349
0.00000	0.99973	0.00054	9.00000
-0.00816	-0.02181	0.02180	-0.19635
0.00000	0.00000	0.00000	1.00000

51th LED POS:(0.3, 9.0, 0.0)
51th LED frame:-0.00517	0.02892	-0.02890	0.26035
0.00000	0.99957	0.00086	9.00000
0.02892	0.00517	-0.00517	0.04654
0.00000	0.00000	0.00000	1.00000

52th LED POS:(-0.1, 9.0, 0.3)
52th LED frame:-0.03373	-0.01094	0.01094	-0.09855
0.00000	0.99937	0.00126	9.00000
-0.01094	0.03373	-0.03370	0.30372
0.00000	0.00000	0.00000	1.00000

53th LED POS:(-0.4, 9.0, -0.1)
53th LED frame:0.00741	-0.04087	0.04083	-0.36813
0.00000	0.99914	0.00173	9.00000
-0.04087	-0.00741	0.00740	-0.06674
0.00000	0.00000	0.00000	1.00000

54th LED POS:(-0.1, 9.0, -0.4)
54th LED frame:0.04706	-0.00720	0.00719	-0.06488
0.00000	0.99887	0.00227	9.00000
-0.00720	-0.04706	0.04701	-0.42402
0.00000	0.00000	0.00000	1.00000

55th LED POS:(0.4, 9.0, -0.3)
55th LED frame:0.03172	0.04330	-0.04324	0.39025
0.00000	0.99856	0.00288	9.00000
0.04330	-0.03172	0.03168	-0.28592
0.00000	0.00000	0.00000	1.00000

56th LED POS:(0.5, 9.0, 0.2)
56th LED frame:-0.01997	0.05630	-0.05620	0.50763
0.00000	0.99821	0.00357	9.00000
0.05630	0.01997	-0.01993	0.18003
0.00000	0.00000	0.00000	1.00000

57th LED POS:(0.2, 9.0, 0.6)
57th LED frame:-0.06178	0.02264	-0.02259	0.20419
0.00000	0.99783	0.00433	9.00000
0.02264	0.06178	-0.06164	0.55720
0.00000	0.00000	0.00000	1.00000

58th LED POS:(-0.3, 9.0, 0.6)
58th LED frame:-0.06470	-0.03123	0.03115	-0.28182
0.00000	0.99742	0.00516	9.00000
-0.03123	0.06470	-0.06453	0.58380
0.00000	0.00000	0.00000	1.00000

59th LED POS:(-0.7, 9.0, 0.3)
59th LED frame:-0.02926	-0.07218	0.07196	-0.65159
0.00000	0.99696	0.00607	9.00000
-0.07218	0.02926	-0.02917	0.26412
0.00000	0.00000	0.00000	1.00000

60th LED POS:(-0.7, 9.0, -0.2)
60th LED frame:0.02444	-0.08028	0.07999	-0.72506
0.00000	0.99647	0.00704	9.00000
-0.08028	-0.02444	0.02436	-0.22075
0.00000	0.00000	0.00000	1.00000

61th LED POS:(-0.5, 9.0, -0.7)
61th LED frame:0.07202	-0.05387	0.05365	-0.48677
0.00000	0.99595	0.00809	9.00000
-0.05387	-0.07202	0.07173	-0.65085
0.00000	0.00000	0.00000	1.00000

62th LED POS:(0.0, 9.0, -0.9)
62th LED frame:0.09583	-0.00483	0.00481	-0.04372
0.00000	0.99539	0.00921	9.00000
-0.00483	-0.09583	0.09539	-0.86647
0.00000	0.00000	0.00000	1.00000

63th LED POS:(0.4, 9.0, -0.8)
63th LED frame:0.08922	0.04933	-0.04908	0.44632
0.00000	0.99479	0.01039	9.00000
0.04933	-0.08922	0.08876	-0.80723
0.00000	0.00000	0.00000	1.00000

64th LED POS:(0.8, 9.0, -0.5)
64th LED frame:0.05571	0.09246	-0.09192	0.83699
0.00000	0.99416	0.01165	9.00000
0.09246	-0.05571	0.05539	-0.50438
0.00000	0.00000	0.00000	1.00000

65th LED POS:(1.0, 9.0, 0.0)
65th LED frame:0.00541	0.11380	-0.11306	1.03088
0.00000	0.99349	0.01298	9.00000
0.11380	-0.00541	0.00538	-0.04903
0.00000	0.00000	0.00000	1.00000

66th LED POS:(1.0, 9.0, 0.4)
66th LED frame:-0.04907	0.10939	-0.10860	0.99167
0.00000	0.99279	0.01437	9.00000
0.10939	0.04907	-0.04872	0.44485
0.00000	0.00000	0.00000	1.00000

67th LED POS:(0.7, 9.0, 0.9)
67th LED frame:-0.09601	0.08136	-0.08072	0.73813
0.00000	0.99205	0.01584	9.00000
0.08136	0.09601	-0.09524	0.87100
0.00000	0.00000	0.00000	1.00000

68th LED POS:(0.3, 9.0, 1.2)
68th LED frame:-0.12673	0.03615	-0.03583	0.32819
0.00000	0.99128	0.01737	9.00000
0.03615	0.12673	-0.12563	1.15064
0.00000	0.00000	0.00000	1.00000

69th LED POS:(-0.2, 9.0, 1.2)
69th LED frame:-0.13658	-0.01762	0.01745	-0.16008
0.00000	0.99047	0.01897	9.00000
-0.01762	0.13658	-0.13528	1.24107
0.00000	0.00000	0.00000	1.00000

70th LED POS:(-0.6, 9.0, 1.1)
70th LED frame:-0.12486	-0.07099	0.07025	-0.64559
0.00000	0.98963	0.02063	9.00000
-0.07099	0.12486	-0.12356	1.13548
0.00000	0.00000	0.00000	1.00000

71th LED POS:(-1.1, 9.0, 0.9)
71th LED frame:-0.09415	-0.11616	0.11486	-1.05734
0.00000	0.98876	0.02236	9.00000
-0.11616	0.09415	-0.09309	0.85695
0.00000	0.00000	0.00000	1.00000

72th LED POS:(-1.3, 9.0, 0.4)
72th LED frame:-0.04934	-0.14736	0.14557	-1.34257
0.00000	0.98785	0.02415	9.00000
-0.14736	0.04934	-0.04874	0.44953
0.00000	0.00000	0.00000	1.00000

73th LED POS:(-1.5, 9.0, 0.0)
73th LED frame:0.00343	-0.16123	0.15912	-1.47032
0.00000	0.98691	0.02601	9.00000
-0.16123	-0.00343	0.00339	-0.03132
0.00000	0.00000	0.00000	1.00000

74th LED POS:(-1.4, 9.0, -0.5)
74th LED frame:0.05779	-0.15681	0.15460	-1.43138
0.00000	0.98594	0.02793	9.00000
-0.15681	-0.05779	0.05697	-0.52750
0.00000	0.00000	0.00000	1.00000

75th LED POS:(-1.2, 9.0, -1.0)
75th LED frame:0.10782	-0.13522	0.13318	-1.23558
0.00000	0.98493	0.02991	9.00000
-0.13522	-0.10782	0.10620	-0.98525
0.00000	0.00000	0.00000	1.00000

76th LED POS:(-0.9, 9.0, -1.4)
76th LED frame:0.14869	-0.09923	0.09763	-0.90767
0.00000	0.98389	0.03195	9.00000
-0.09923	-0.14869	0.14629	-1.36007
0.00000	0.00000	0.00000	1.00000

77th LED POS:(-0.5, 9.0, -1.6)
77th LED frame:0.17687	-0.05269	0.05178	-0.48249
0.00000	0.98282	0.03406	9.00000
-0.05269	-0.17687	0.17383	-1.61962
0.00000	0.00000	0.00000	1.00000

78th LED POS:(0.0, 9.0, -1.7)
78th LED frame:0.19032	-0.00002	0.00002	-0.00021
0.00000	0.98172	0.03622	9.00000
-0.00002	-0.19032	0.18684	-1.74479
0.00000	0.00000	0.00000	1.00000

79th LED POS:(0.5, 9.0, -1.7)
79th LED frame:0.18842	0.05425	-0.05320	0.49791
0.00000	0.98059	0.03845	9.00000
0.05425	-0.18842	0.18476	-1.72936
0.00000	0.00000	0.00000	1.00000

80th LED POS:(1.0, 9.0, -1.6)
80th LED frame:0.17180	0.10589	-0.10371	0.97304
0.00000	0.97942	0.04073	9.00000
0.10589	-0.17180	0.16826	-1.57865
0.00000	0.00000	0.00000	1.00000

81th LED POS:(1.4, 9.0, -1.3)
81th LED frame:0.14211	0.15123	-0.14794	1.39137
0.00000	0.97823	0.04307	9.00000
0.15123	-0.14211	0.13901	-1.30744
0.00000	0.00000	0.00000	1.00000

82th LED POS:(1.7, 9.0, -0.9)
82th LED frame:0.10179	0.18735	-0.18304	1.72584
0.00000	0.97701	0.04546	9.00000
0.18735	-0.10179	0.09944	-0.93763
0.00000	0.00000	0.00000	1.00000

83th LED POS:(2.0, 9.0, -0.5)
83th LED frame:0.05375	0.21218	-0.20704	1.95710
0.00000	0.97575	0.04791	9.00000
0.21218	-0.05375	0.05245	-0.49579
0.00000	0.00000	0.00000	1.00000

84th LED POS:(2.1, 9.0, 0.0)
84th LED frame:0.00117	0.22453	-0.21880	2.07372
0.00000	0.97447	0.05042	9.00000
0.22453	-0.00117	0.00114	-0.01084
0.00000	0.00000	0.00000	1.00000

85th LED POS:(2.1, 9.0, 0.5)
85th LED frame:-0.05277	0.22403	-0.21801	2.07188
0.00000	0.97315	0.05297	9.00000
0.22403	0.05277	-0.05135	0.48799
0.00000	0.00000	0.00000	1.00000

86th LED POS:(2.0, 9.0, 1.0)
86th LED frame:-0.10505	0.21106	-0.20511	1.95465
0.00000	0.97181	0.05558	9.00000
0.21106	0.10505	-0.10209	0.97291
0.00000	0.00000	0.00000	1.00000

87th LED POS:(1.7, 9.0, 1.4)
87th LED frame:-0.15300	0.18665	-0.18113	1.73099
0.00000	0.97044	0.05825	9.00000
0.18665	0.15300	-0.14848	1.41892
0.00000	0.00000	0.00000	1.00000

88th LED POS:(1.4, 9.0, 1.8)
88th LED frame:-0.19432	0.15231	-0.14759	1.41455
0.00000	0.96904	0.06096	9.00000
0.15231	0.19432	-0.18830	1.80476
0.00000	0.00000	0.00000	1.00000

89th LED POS:(1.0, 9.0, 2.1)
89th LED frame:-0.22723	0.10993	-0.10637	1.02250
0.00000	0.96762	0.06372	9.00000
0.10993	0.22723	-0.21987	2.11353
0.00000	0.00000	0.00000	1.00000

90th LED POS:(0.6, 9.0, 2.3)
90th LED frame:-0.25046	0.06165	-0.05956	0.57429
0.00000	0.96616	0.06653	9.00000
0.06165	0.25046	-0.24198	2.33306
0.00000	0.00000	0.00000	1.00000

91th LED POS:(0.1, 9.0, 2.5)
91th LED frame:-0.26324	0.00970	-0.00936	0.09050
0.00000	0.96468	0.06939	9.00000
0.00970	0.26324	-0.25394	2.45586
0.00000	0.00000	0.00000	1.00000

92th LED POS:(-0.4, 9.0, 2.5)
92th LED frame:-0.26530	-0.04368	0.04207	-0.40813
0.00000	0.96318	0.07229	9.00000
-0.04368	0.26530	-0.25553	2.47899
0.00000	0.00000	0.00000	1.00000

93th LED POS:(-0.9, 9.0, 2.4)
93th LED frame:-0.25683	-0.09634	0.09264	-0.90162
0.00000	0.96164	0.07524	9.00000
-0.09634	0.25683	-0.24698	2.40365
0.00000	0.00000	0.00000	1.00000

94th LED POS:(-1.4, 9.0, 2.2)
94th LED frame:-0.23840	-0.14630	0.14046	-1.37142
0.00000	0.96009	0.07824	9.00000
-0.14630	0.23840	-0.22888	2.23476
0.00000	0.00000	0.00000	1.00000

95th LED POS:(-1.8, 9.0, 2.0)
95th LED frame:-0.21091	-0.19181	0.18385	-1.80101
0.00000	0.95850	0.08127	9.00000
-0.19181	0.21091	-0.20216	1.98036
0.00000	0.00000	0.00000	1.00000

96th LED POS:(0.5, 9.0, -1.3)
96th LED frame:-0.00786	-0.00786	0.00786	-0.07071
-0.00012	0.99994	0.00000	9.00000
-0.00786	-0.00786	-0.00786	-0.07071
0.00000	0.00000	0.00000	1.00000

97th LED POS:(0.9, 9.0, -1.1)
97th LED frame:-0.00061	-0.00061	-0.01719	-0.00550
-0.00030	0.99985	0.00000	9.00000
0.01719	0.01719	-0.00061	0.15473
0.00000	0.00000	0.00000	1.00000

98th LED POS:(1.2, 9.0, -0.7)
98th LED frame:-0.00816	-0.00816	0.02181	-0.07349
-0.00054	0.99973	0.00000	9.00000
-0.02180	-0.02181	-0.00816	-0.19635
0.00000	0.00000	0.00000	1.00000

99th LED POS:(1.4, 9.0, -0.2)
99th LED frame:0.02890	0.02892	-0.00517	0.26035
-0.00086	0.99957	0.00000	9.00000
0.00517	0.00517	0.02892	0.04654
0.00000	0.00000	0.00000	1.00000

100th LED POS:(1.4, 9.0, 0.3)
100th LED frame:-0.01094	-0.01094	-0.03373	-0.09855
-0.00126	0.99937	0.00000	9.00000
0.03370	0.03373	-0.01094	0.30372
0.00000	0.00000	0.00000	1.00000

101th LED POS:(1.2, 9.0, 0.7)
101th LED frame:-0.04083	-0.04087	0.00741	-0.36813
-0.00173	0.99914	0.00000	9.00000
-0.00740	-0.00741	-0.04087	-0.06674
0.00000	0.00000	0.00000	1.00000

102th LED POS:(0.9, 9.0, 1.1)
102th LED frame:-0.00719	-0.00720	0.04706	-0.06488
-0.00227	0.99887	0.00000	9.00000
-0.04701	-0.04706	-0.00720	-0.42402
0.00000	0.00000	0.00000	1.00000

103th LED POS:(0.5, 9.0, 1.4)
103th LED frame:0.04324	0.04330	0.03172	0.39025
-0.00288	0.99856	0.00000	9.00000
-0.03168	-0.03172	0.04330	-0.28592
0.00000	0.00000	0.00000	1.00000

104th LED POS:(0.0, 9.0, 1.5)
104th LED frame:0.05620	0.05630	-0.01997	0.50763
-0.00357	0.99821	0.00000	9.00000
0.01993	0.01997	0.05630	0.18003
0.00000	0.00000	0.00000	1.00000

105th LED POS:(-0.5, 9.0, 1.4)
105th LED frame:0.02259	0.02264	-0.06178	0.20419
-0.00433	0.99783	0.00000	9.00000
0.06164	0.06178	0.02264	0.55720
0.00000	0.00000	0.00000	1.00000

106th LED POS:(-0.9, 9.0, 1.2)
106th LED frame:-0.03115	-0.03123	-0.06470	-0.28182
-0.00516	0.99742	0.00000	9.00000
0.06453	0.06470	-0.03123	0.58380
0.00000	0.00000	0.00000	1.00000

107th LED POS:(-1.3, 9.0, 0.8)
107th LED frame:-0.07196	-0.07218	-0.02926	-0.65159
-0.00607	0.99696	0.00000	9.00000
0.02917	0.02926	-0.07218	0.26412
0.00000	0.00000	0.00000	1.00000

108th LED POS:(-1.5, 9.0, 0.4)
108th LED frame:-0.07999	-0.08028	0.02444	-0.72506
-0.00704	0.99647	0.00000	9.00000
-0.02436	-0.02444	-0.08028	-0.22075
0.00000	0.00000	0.00000	1.00000

109th LED POS:(-1.5, 9.0, -0.1)
109th LED frame:-0.05365	-0.05387	0.07202	-0.48677
-0.00809	0.99595	0.00000	9.00000
-0.07173	-0.07202	-0.05387	-0.65085
0.00000	0.00000	0.00000	1.00000

110th LED POS:(-1.4, 9.0, -0.6)
110th LED frame:-0.00481	-0.00483	0.09583	-0.04372
-0.00921	0.99539	0.00000	9.00000
-0.09539	-0.09583	-0.00483	-0.86647
0.00000	0.00000	0.00000	1.00000

111th LED POS:(-1.1, 9.0, -1.0)
111th LED frame:0.04908	0.04933	0.08922	0.44632
-0.01039	0.99479	0.00000	9.00000
-0.08876	-0.08922	0.04933	-0.80723
0.00000	0.00000	0.00000	1.00000

112th LED POS:(-0.8, 9.0, -1.4)
112th LED frame:0.09192	0.09246	0.05571	0.83699
-0.01165	0.99416	0.00000	9.00000
-0.05539	-0.05571	0.09246	-0.50438
0.00000	0.00000	0.00000	1.00000

113th LED POS:(-0.3, 9.0, -1.5)
113th LED frame:0.11306	0.11380	0.00541	1.03088
-0.01298	0.99349	0.00000	9.00000
-0.00538	-0.00541	0.11380	-0.04903
0.00000	0.00000	0.00000	1.00000

114th LED POS:(0.2, 9.0, -1.6)
114th LED frame:0.10860	0.10939	-0.04907	0.99167
-0.01437	0.99279	0.00000	9.00000
0.04872	0.04907	0.10939	0.44485
0.00000	0.00000	0.00000	1.00000

115th LED POS:(0.7, 9.0, -1.4)
115th LED frame:0.08072	0.08136	-0.09601	0.73813
-0.01584	0.99205	0.00000	9.00000
0.09524	0.09601	0.08136	0.87100
0.00000	0.00000	0.00000	1.00000

116th LED POS:(1.1, 9.0, -1.1)
116th LED frame:0.03583	0.03615	-0.12673	0.32819
-0.01737	0.99128	0.00000	9.00000
0.12563	0.12673	0.03615	1.15064
0.00000	0.00000	0.00000	1.00000

117th LED POS:(1.4, 9.0, -0.8)
117th LED frame:-0.01745	-0.01762	-0.13658	-0.16008
-0.01897	0.99047	0.00000	9.00000
0.13528	0.13658	-0.01762	1.24107
0.00000	0.00000	0.00000	1.00000

118th LED POS:(1.6, 9.0, -0.3)
118th LED frame:-0.07025	-0.07099	-0.12486	-0.64559
-0.02063	0.98963	0.00000	9.00000
0.12356	0.12486	-0.07099	1.13548
0.00000	0.00000	0.00000	1.00000

119th LED POS:(1.6, 9.0, 0.2)
119th LED frame:-0.11486	-0.11616	-0.09415	-1.05734
-0.02236	0.98876	0.00000	9.00000
0.09309	0.09415	-0.11616	0.85695
0.00000	0.00000	0.00000	1.00000

120th LED POS:(1.5, 9.0, 0.7)
120th LED frame:-0.14557	-0.14736	-0.04934	-1.34257
-0.02415	0.98785	0.00000	9.00000
0.04874	0.04934	-0.14736	0.44953
0.00000	0.00000	0.00000	1.00000

121th LED POS:(1.2, 9.0, 1.1)
121th LED frame:-0.15912	-0.16123	0.00343	-1.47032
-0.02601	0.98691	0.00000	9.00000
-0.00339	-0.00343	-0.16123	-0.03132
0.00000	0.00000	0.00000	1.00000

122th LED POS:(0.8, 9.0, 1.4)
122th LED frame:-0.15460	-0.15681	0.05779	-1.43138
-0.02793	0.98594	0.00000	9.00000
-0.05697	-0.05779	-0.15681	-0.52750
0.00000	0.00000	0.00000	1.00000

123th LED POS:(0.4, 9.0, 1.6)
123th LED frame:-0.13318	-0.13522	0.10782	-1.23558
-0.02991	0.98493	0.00000	9.00000
-0.10620	-0.10782	-0.13522	-0.98525
0.00000	0.00000	0.00000	1.00000

124th LED POS:(-0.1, 9.0, 1.7)
124th LED frame:-0.09763	-0.09923	0.14869	-0.90767
-0.03195	0.98389	0.00000	9.00000
-0.14629	-0.14869	-0.09923	-1.36007
0.00000	0.00000	0.00000	1.00000

125th LED POS:(-0.6, 9.0, 1.6)
125th LED frame:-0.05178	-0.05269	0.17687	-0.48249
-0.03406	0.98282	0.00000	9.00000
-0.17383	-0.17687	-0.05269	-1.61962
0.00000	0.00000	0.00000	1.00000

126th LED POS:(-1.1, 9.0, 1.3)
126th LED frame:-0.00002	-0.00002	0.19032	-0.00021
-0.03622	0.98172	0.00000	9.00000
-0.18684	-0.19032	-0.00002	-1.74479
0.00000	0.00000	0.00000	1.00000

127th LED POS:(-1.4, 9.0, 1.0)
127th LED frame:0.05320	0.05425	0.18842	0.49791
-0.03845	0.98059	0.00000	9.00000
-0.18476	-0.18842	0.05425	-1.72936
0.00000	0.00000	0.00000	1.00000

128th LED POS:(-1.6, 9.0, 0.5)
128th LED frame:0.10371	0.10589	0.17180	0.97304
-0.04073	0.97942	0.00000	9.00000
-0.16826	-0.17180	0.10589	-1.57865
0.00000	0.00000	0.00000	1.00000

129th LED POS:(-1.7, 9.0, 0.0)
129th LED frame:0.14794	0.15123	0.14211	1.39137
-0.04307	0.97823	0.00000	9.00000
-0.13901	-0.14211	0.15123	-1.30744
0.00000	0.00000	0.00000	1.00000

130th LED POS:(-1.7, 9.0, -0.5)
130th LED frame:0.18304	0.18735	0.10179	1.72584
-0.04546	0.97701	0.00000	9.00000
-0.09944	-0.10179	0.18735	-0.93763
0.00000	0.00000	0.00000	1.00000

131th LED POS:(-1.5, 9.0, -0.9)
131th LED frame:0.20704	0.21218	0.05375	1.95710
-0.04791	0.97575	0.00000	9.00000
-0.05245	-0.05375	0.21218	-0.49579
0.00000	0.00000	0.00000	1.00000

132th LED POS:(-1.1, 9.0, -1.3)
132th LED frame:0.21880	0.22453	0.00117	2.07372
-0.05042	0.97447	0.00000	9.00000
-0.00114	-0.00117	0.22453	-0.01084
0.00000	0.00000	0.00000	1.00000

133th LED POS:(-0.7, 9.0, -1.6)
133th LED frame:0.21801	0.22403	-0.05277	2.07188
-0.05297	0.97315	0.00000	9.00000
0.05135	0.05277	0.22403	0.48799
0.00000	0.00000	0.00000	1.00000

134th LED POS:(-0.2, 9.0, -1.7)
134th LED frame:0.20511	0.21106	-0.10505	1.95465
-0.05558	0.97181	0.00000	9.00000
0.10209	0.10505	0.21106	0.97291
0.00000	0.00000	0.00000	1.00000

135th LED POS:(0.3, 9.0, -1.8)
135th LED frame:0.18113	0.18665	-0.15300	1.73099
-0.05825	0.97044	0.00000	9.00000
0.14848	0.15300	0.18665	1.41892
0.00000	0.00000	0.00000	1.00000

136th LED POS:(0.7, 9.0, -1.6)
136th LED frame:0.14759	0.15231	-0.19432	1.41455
-0.06096	0.96904	0.00000	9.00000
0.18830	0.19432	0.15231	1.80476
0.00000	0.00000	0.00000	1.00000

137th LED POS:(1.2, 9.0, -1.4)
137th LED frame:0.10637	0.10993	-0.22723	1.02250
-0.06372	0.96762	0.00000	9.00000
0.21987	0.22723	0.10993	2.11353
0.00000	0.00000	0.00000	1.00000

138th LED POS:(1.5, 9.0, -1.0)
138th LED frame:0.05956	0.06165	-0.25046	0.57429
-0.06653	0.96616	0.00000	9.00000
0.24198	0.25046	0.06165	2.33306
0.00000	0.00000	0.00000	1.00000

139th LED POS:(1.7, 9.0, -0.5)
139th LED frame:0.00936	0.00970	-0.26324	0.09050
-0.06939	0.96468	0.00000	9.00000
0.25394	0.26324	0.00970	2.45586
0.00000	0.00000	0.00000	1.00000

140th LED POS:(1.8, 9.0, -0.1)
140th LED frame:-0.04207	-0.04368	-0.26530	-0.40813
-0.07229	0.96318	0.00000	9.00000
0.25553	0.26530	-0.04368	2.47899
0.00000	0.00000	0.00000	1.00000

141th LED POS:(1.8, 9.0, 0.4)
141th LED frame:-0.09264	-0.09634	-0.25683	-0.90162
-0.07524	0.96164	0.00000	9.00000
0.24698	0.25683	-0.09634	2.40365
0.00000	0.00000	0.00000	1.00000

142th LED POS:(1.6, 9.0, 0.9)
142th LED frame:-0.14046	-0.14630	-0.23840	-1.37142
-0.07824	0.96009	0.00000	9.00000
0.22888	0.23840	-0.14630	2.23476
0.00000	0.00000	0.00000	1.00000

143th LED POS:(1.3, 9.0, 1.3)
143th LED frame:-0.18385	-0.19181	-0.21091	-1.80101
-0.08127	0.95850	0.00000	9.00000
0.20216	0.21091	-0.19181	1.98036
0.00000	0.00000	0.00000	1.00000

144th LED POS:(0.9, 9.0, 1.6)
144th LED frame:0.05195	0.05257	0.14444	0.47883
-0.02363	0.98812	0.00000	9.00000
-0.14272	-0.14444	0.05257	-1.31557
0.00000	0.00000	0.00000	1.00000

145th LED POS:(0.5, 9.0, 1.8)
145th LED frame:0.09905	0.10026	0.11784	0.91331
-0.02394	0.98796	0.00000	9.00000
-0.11642	-0.11784	0.10026	-1.07351
0.00000	0.00000	0.00000	1.00000

146th LED POS:(0.0, 9.0, 1.9)
146th LED frame:0.13408	0.13574	0.07635	1.23672
-0.02425	0.98780	0.00000	9.00000
-0.07541	-0.07635	0.13574	-0.69560
0.00000	0.00000	0.00000	1.00000

147th LED POS:(-0.5, 9.0, 1.8)
147th LED frame:0.15280	0.15471	0.02516	1.40986
-0.02457	0.98764	0.00000	9.00000
-0.02485	-0.02516	0.15471	-0.22926
0.00000	0.00000	0.00000	1.00000

148th LED POS:(-1.0, 9.0, 1.6)
148th LED frame:0.15305	0.15499	-0.02943	1.41260
-0.02489	0.98748	0.00000	9.00000
0.02906	0.02943	0.15499	0.26820
0.00000	0.00000	0.00000	1.00000

149th LED POS:(-1.4, 9.0, 1.3)
149th LED frame:0.13492	0.13665	-0.08083	1.24568
-0.02521	0.98732	0.00000	9.00000
0.07981	0.08083	0.13665	0.73685
0.00000	0.00000	0.00000	1.00000

150th LED POS:(-1.7, 9.0, 0.9)
150th LED frame:0.10069	0.10200	-0.12299	0.92991
-0.02553	0.98715	0.00000	9.00000
0.12141	0.12299	0.10200	1.12134
0.00000	0.00000	0.00000	1.00000

151th LED POS:(-1.9, 9.0, 0.4)
151th LED frame:0.05446	0.05518	-0.15103	0.50316
-0.02585	0.98699	0.00000	9.00000
0.14906	0.15103	0.05518	1.37718
0.00000	0.00000	0.00000	1.00000

152th LED POS:(-1.9, 9.0, -0.1)
152th LED frame:0.00166	0.00169	-0.16179	0.01538
-0.02618	0.98682	0.00000	9.00000
0.15966	0.16179	0.00169	1.47560
0.00000	0.00000	0.00000	1.00000

153th LED POS:(-1.9, 9.0, -0.6)
153th LED frame:-0.05164	-0.05234	-0.15417	-0.47739
-0.02651	0.98666	0.00000	9.00000
0.15212	0.15417	-0.05234	1.40631
0.00000	0.00000	0.00000	1.00000

154th LED POS:(-1.7, 9.0, -1.0)
154th LED frame:-0.09944	-0.10080	-0.12914	-0.91966
-0.02684	0.98649	0.00000	9.00000
0.12739	0.12914	-0.10080	1.17815
0.00000	0.00000	0.00000	1.00000

155th LED POS:(-1.4, 9.0, -1.4)
155th LED frame:-0.13647	-0.13836	-0.08958	-1.26254
-0.02717	0.98632	0.00000	9.00000
0.08836	0.08958	-0.13836	0.81741
0.00000	0.00000	0.00000	1.00000

156th LED POS:(-1.0, 9.0, -1.7)
156th LED frame:-0.15873	-0.16096	-0.03994	-1.46896
-0.02750	0.98615	0.00000	9.00000
0.03939	0.03994	-0.16096	0.36452
0.00000	0.00000	0.00000	1.00000

157th LED POS:(-0.5, 9.0, -1.9)
157th LED frame:-0.16390	-0.16623	0.01434	-1.51734
-0.02784	0.98598	0.00000	9.00000
-0.01414	-0.01434	-0.16623	-0.13087
0.00000	0.00000	0.00000	1.00000

158th LED POS:(0.0, 9.0, -2.0)
158th LED frame:-0.15154	-0.15372	0.06741	-1.40342
-0.02818	0.98581	0.00000	9.00000
-0.06645	-0.06741	-0.15372	-0.61543
0.00000	0.00000	0.00000	1.00000

159th LED POS:(0.5, 9.0, -1.9)
159th LED frame:-0.12308	-0.12487	0.11367	-1.14022
-0.02851	0.98564	0.00000	9.00000
-0.11204	-0.11367	-0.12487	-1.03795
0.00000	0.00000	0.00000	1.00000

160th LED POS:(0.9, 9.0, -1.8)
160th LED frame:-0.08159	-0.08279	0.14833	-0.75610
-0.02885	0.98547	0.00000	9.00000
-0.14617	-0.14833	-0.08279	-1.35463
0.00000	0.00000	0.00000	1.00000

161th LED POS:(1.4, 9.0, -1.5)
161th LED frame:-0.03144	-0.03190	0.16787	-0.29143
-0.02920	0.98529	0.00000	9.00000
-0.16540	-0.16787	-0.03190	-1.53336
0.00000	0.00000	0.00000	1.00000

162th LED POS:(1.7, 9.0, -1.1)
162th LED frame:0.02220	0.02254	0.17039	0.20590
-0.02954	0.98512	0.00000	9.00000
-0.16786	-0.17039	0.02254	-1.55671
0.00000	0.00000	0.00000	1.00000

163th LED POS:(1.9, 9.0, -0.7)
163th LED frame:0.07390	0.07503	0.15575	0.68557
-0.02989	0.98494	0.00000	9.00000
-0.15341	-0.15575	0.07503	-1.42321
0.00000	0.00000	0.00000	1.00000

164th LED POS:(2.0, 9.0, -0.2)
164th LED frame:0.11852	0.12035	0.12551	1.09990
-0.03024	0.98477	0.00000	9.00000
-0.12360	-0.12551	0.12035	-1.14705
0.00000	0.00000	0.00000	1.00000

165th LED POS:(2.0, 9.0, 0.3)
165th LED frame:0.15171	0.15409	0.08273	1.40847
-0.03059	0.98459	0.00000	9.00000
-0.08146	-0.08273	0.15409	-0.75623
0.00000	0.00000	0.00000	1.00000

166th LED POS:(1.9, 9.0, 0.8)
166th LED frame:0.17032	0.17302	0.03166	1.58185
-0.03094	0.98441	0.00000	9.00000
-0.03116	-0.03166	0.17302	-0.28941
0.00000	0.00000	0.00000	1.00000

167th LED POS:(1.7, 9.0, 1.2)
167th LED frame:0.17266	0.17543	-0.02276	1.60413
-0.03129	0.98423	0.00000	9.00000
0.02240	0.02276	0.17543	0.20809
0.00000	0.00000	0.00000	1.00000

168th LED POS:(1.3, 9.0, 1.6)
168th LED frame:0.15860	0.16117	-0.07532	1.47402
-0.03165	0.98405	0.00000	9.00000
0.07411	0.07532	0.16117	0.68882
0.00000	0.00000	0.00000	1.00000

169th LED POS:(0.9, 9.0, 1.9)
169th LED frame:0.12956	0.13169	-0.12109	1.20461
-0.03200	0.98387	0.00000	9.00000
0.11914	0.12109	0.13169	1.10771
0.00000	0.00000	0.00000	1.00000

170th LED POS:(0.4, 9.0, 2.1)
170th LED frame:0.08834	0.08981	-0.15588	0.82166
-0.03236	0.98369	0.00000	9.00000
0.15334	0.15588	0.08981	1.42619
0.00000	0.00000	0.00000	1.00000

171th LED POS:(0.0, 9.0, 2.1)
171th LED frame:0.03880	0.03945	-0.17655	0.36098
-0.03272	0.98350	0.00000	9.00000
0.17363	0.17655	0.03945	1.61557
0.00000	0.00000	0.00000	1.00000

172th LED POS:(-0.5, 9.0, 2.0)
172th LED frame:-0.01453	-0.01477	-0.18130	-0.13520
-0.03309	0.98332	0.00000	9.00000
0.17827	0.18130	-0.01477	1.65936
0.00000	0.00000	0.00000	1.00000

173th LED POS:(-1.0, 9.0, 1.9)
173th LED frame:-0.06682	-0.06796	-0.16980	-0.62216
-0.03345	0.98313	0.00000	9.00000
0.16694	0.16980	-0.06796	1.55444
0.00000	0.00000	0.00000	1.00000

174th LED POS:(-1.4, 9.0, 1.6)
174th LED frame:-0.11344	-0.11541	-0.14317	-1.05673
-0.03382	0.98295	0.00000	9.00000
0.14073	0.14317	-0.11541	1.31089
0.00000	0.00000	0.00000	1.00000

175th LED POS:(-1.8, 9.0, 1.2)
175th LED frame:-0.15035	-0.15299	-0.10383	-1.40105
-0.03419	0.98276	0.00000	9.00000
0.10204	0.10383	-0.15299	0.95086
0.00000	0.00000	0.00000	1.00000

176th LED POS:(-2.0, 9.0, 0.8)
176th LED frame:-0.17439	-0.17749	-0.05526	-1.62572
-0.03456	0.98257	0.00000	9.00000
0.05430	0.05526	-0.17749	0.50620
0.00000	0.00000	0.00000	1.00000

177th LED POS:(-2.1, 9.0, 0.3)
177th LED frame:-0.18359	-0.18688	-0.00169	-1.71209
-0.03493	0.98238	0.00000	9.00000
0.00167	0.00169	-0.18688	0.01553
0.00000	0.00000	0.00000	1.00000

178th LED POS:(-2.2, 9.0, -0.2)
178th LED frame:-0.17724	-0.18046	0.05230	-1.65357
-0.03530	0.98219	0.00000	9.00000
-0.05137	-0.05230	-0.18046	-0.47926
0.00000	0.00000	0.00000	1.00000

179th LED POS:(-2.1, 9.0, -0.7)
179th LED frame:-0.15599	-0.15885	0.10219	-1.45582
-0.03568	0.98200	0.00000	9.00000
-0.10035	-0.10219	-0.15885	-0.93660
0.00000	0.00000	0.00000	1.00000

180th LED POS:(-1.9, 9.0, -1.1)
180th LED frame:-0.12167	-0.12393	0.14386	-1.13602
-0.03605	0.98181	0.00000	9.00000
-0.14124	-0.14386	-0.12393	-1.31869
0.00000	0.00000	0.00000	1.00000

181th LED POS:(-1.6, 9.0, -1.5)
181th LED frame:-0.07720	-0.07864	0.17391	-0.72105
-0.03643	0.98162	0.00000	9.00000
-0.17072	-0.17391	-0.07864	-1.59455
0.00000	0.00000	0.00000	1.00000

182th LED POS:(-1.2, 9.0, -1.9)
182th LED frame:-0.02624	-0.02673	0.18999	-0.24514
-0.03681	0.98142	0.00000	9.00000
-0.18646	-0.18999	-0.02673	-1.74230
0.00000	0.00000	0.00000	1.00000

183th LED POS:(-0.8, 9.0, -2.1)
183th LED frame:0.02708	0.02760	0.19087	0.25312
-0.03719	0.98123	0.00000	9.00000
-0.18729	-0.19087	0.02760	-1.75071
0.00000	0.00000	0.00000	1.00000

184th LED POS:(-0.3, 9.0, -2.2)
184th LED frame:0.07849	0.08001	0.17657	0.73397
-0.03758	0.98103	0.00000	9.00000
-0.17322	-0.17657	0.08001	-1.61985
0.00000	0.00000	0.00000	1.00000

185th LED POS:(0.2, 9.0, -2.2)
185th LED frame:0.12396	0.12638	0.14829	1.15966
-0.03796	0.98083	0.00000	9.00000
-0.14545	-0.14829	0.12638	-1.36071
0.00000	0.00000	0.00000	1.00000

186th LED POS:(0.7, 9.0, -2.1)
186th LED frame:0.15999	0.16315	0.10832	1.49732
-0.03835	0.98064	0.00000	9.00000
-0.10622	-0.10832	0.16315	-0.99414
0.00000	0.00000	0.00000	1.00000

187th LED POS:(1.2, 9.0, -1.9)
187th LED frame:0.18385	0.18752	0.05980	1.72135
-0.03874	0.98044	0.00000	9.00000
-0.05863	-0.05980	0.18752	-0.54893
0.00000	0.00000	0.00000	1.00000

188th LED POS:(1.6, 9.0, -1.6)
188th LED frame:0.19380	0.19771	0.00647	1.81524
-0.03913	0.98024	0.00000	9.00000
-0.00635	-0.00647	0.19771	-0.05944
0.00000	0.00000	0.00000	1.00000

189th LED POS:(1.9, 9.0, -1.3)
189th LED frame:0.18917	0.19302	-0.04760	1.77256
-0.03952	0.98004	0.00000	9.00000
0.04665	0.04760	0.19302	0.43716
0.00000	0.00000	0.00000	1.00000

190th LED POS:(2.1, 9.0, -0.8)
190th LED frame:0.17038	0.17389	-0.09839	1.59718
-0.03992	0.97984	0.00000	9.00000
0.09641	0.09839	0.17389	0.90374
0.00000	0.00000	0.00000	1.00000

191th LED POS:(2.3, 9.0, -0.3)
191th LED frame:0.13891	0.14180	-0.14215	1.30272
-0.04031	0.97964	0.00000	9.00000
0.13925	0.14215	0.14180	1.30593
0.00000	0.00000	0.00000	1.00000

192th LED POS:(2.3, 9.0, 0.2)
192th LED frame:0.09714	0.09918	-0.17571	0.91132
-0.04071	0.97943	0.00000	9.00000
0.17210	0.17571	0.09918	1.61462
0.00000	0.00000	0.00000	1.00000

193th LED POS:(2.2, 9.0, 0.6)
193th LED frame:0.04814	0.04916	-0.19671	0.45183
-0.04111	0.97923	0.00000	9.00000
0.19262	0.19671	0.04916	1.80791
0.00000	0.00000	0.00000	1.00000

194th LED POS:(2.0, 9.0, 1.1)
194th LED frame:-0.00452	-0.00462	-0.20369	-0.04248
-0.04151	0.97902	0.00000	9.00000
0.19942	0.20369	-0.00462	1.87249
0.00000	0.00000	0.00000	1.00000

195th LED POS:(1.8, 9.0, 1.5)
195th LED frame:-0.05710	-0.05833	-0.19624	-0.53634
-0.04191	0.97882	0.00000	9.00000
0.19209	0.19624	-0.05833	1.80441
0.00000	0.00000	0.00000	1.00000

196th LED POS:(1.4, 9.0, 1.9)
196th LED frame:-0.10588	-0.10819	-0.17496	-0.99502
-0.04232	0.97861	0.00000	9.00000
0.17122	0.17496	-0.10819	1.60909
0.00000	0.00000	0.00000	1.00000

197th LED POS:(1.0, 9.0, 2.1)
197th LED frame:-0.14750	-0.15076	-0.14141	-1.38679
-0.04272	0.97840	0.00000	9.00000
0.13835	0.14141	-0.15076	1.30075
0.00000	0.00000	0.00000	1.00000

198th LED POS:(0.5, 9.0, 2.3)
198th LED frame:-0.17914	-0.18314	-0.09795	-1.68496
-0.04313	0.97820	0.00000	9.00000
0.09581	0.09795	-0.18314	0.90117
0.00000	0.00000	0.00000	1.00000

199th LED POS:(0.0, 9.0, 2.4)
199th LED frame:-0.19869	-0.20316	-0.04760	-1.86964
-0.04354	0.97799	0.00000	9.00000
0.04655	0.04760	-0.20316	0.43805
0.00000	0.00000	0.00000	1.00000

