0th LED POS:(-0.5, 7.0, -0.5)
0th LED frame:
0.07036	-0.07036	0.07001	-0.49497
0.00000	0.99504	0.00990	7.00000
-0.07036	-0.07036	0.07001	-0.49497
0.00000	0.00000	0.00000	1.00000

1th LED POS:(-0.1, 7.0, -0.7)
1th LED frame:
0.10054	-0.00766	0.00762	-0.05388
0.00000	0.99490	0.01017	7.00000
-0.00766	-0.10054	0.10003	-0.70741
0.00000	0.00000	0.00000	1.00000

2th LED POS:(0.4, 7.0, -0.6)
2th LED frame:
0.08291	0.05969	-0.05938	0.42003
0.00000	0.99477	0.01044	7.00000
0.05969	-0.08291	0.08248	-0.58345
0.00000	0.00000	0.00000	1.00000

3th LED POS:(0.7, 7.0, -0.2)
3th LED frame:
0.02621	0.10012	-0.09958	0.70464
0.00000	0.99463	0.01071	7.00000
0.10012	-0.02621	0.02607	-0.18444
0.00000	0.00000	0.00000	1.00000

4th LED POS:(0.7, 7.0, 0.3)
4th LED frame:
-0.04331	0.09546	-0.09493	0.67192
0.00000	0.99449	0.01099	7.00000
0.09546	0.04331	-0.04307	0.30484
0.00000	0.00000	0.00000	1.00000

5th LED POS:(0.3, 7.0, 0.7)
5th LED frame:
-0.09456	0.04823	-0.04796	0.33955
0.00000	0.99435	0.01127	7.00000
0.04823	0.09456	-0.09403	0.66570
0.00000	0.00000	0.00000	1.00000

6th LED POS:(-0.1, 7.0, 0.7)
6th LED frame:
-0.10548	-0.02063	0.02051	-0.14522
0.00000	0.99421	0.01155	7.00000
-0.02063	0.10548	-0.10487	0.74269
0.00000	0.00000	0.00000	1.00000

7th LED POS:(-0.6, 7.0, 0.5)
7th LED frame:
-0.07185	-0.08172	0.08123	-0.57544
0.00000	0.99406	0.01184	7.00000
-0.08172	0.07185	-0.07142	0.50592
0.00000	0.00000	0.00000	1.00000

8th LED POS:(-0.8, 7.0, 0.1)
8th LED frame:
-0.00801	-0.10985	0.10918	-0.77362
0.00000	0.99392	0.01213	7.00000
-0.10985	0.00801	-0.00796	0.05638
0.00000	0.00000	0.00000	1.00000

9th LED POS:(-0.7, 7.0, -0.4)
9th LED frame:
0.05995	-0.09397	0.09339	-0.66192
0.00000	0.99377	0.01242	7.00000
-0.09397	-0.05995	0.05957	-0.42225
0.00000	0.00000	0.00000	1.00000

10th LED POS:(-0.3, 7.0, -0.7)
10th LED frame:
0.10515	-0.04079	0.04053	-0.28737
0.00000	0.99362	0.01272	7.00000
-0.04079	-0.10515	0.10448	-0.74081
0.00000	0.00000	0.00000	1.00000

11th LED POS:(0.2, 7.0, -0.8)
11th LED frame:
0.11041	0.02883	-0.02864	0.20311
0.00000	0.99347	0.01302	7.00000
0.02883	-0.11041	0.10969	-0.77798
0.00000	0.00000	0.00000	1.00000

12th LED POS:(0.6, 7.0, -0.5)
12th LED frame:
0.07413	0.08849	-0.08790	0.62362
0.00000	0.99331	0.01333	7.00000
0.08849	-0.07413	0.07363	-0.52240
0.00000	0.00000	0.00000	1.00000

13th LED POS:(0.8, 7.0, -0.1)
13th LED frame:
0.01007	0.11633	-0.11553	0.81991
0.00000	0.99316	0.01363	7.00000
0.11633	-0.01007	0.01000	-0.07097
0.00000	0.00000	0.00000	1.00000

14th LED POS:(0.7, 7.0, 0.4)
14th LED frame:
-0.05843	0.10262	-0.10190	0.72338
0.00000	0.99300	0.01394	7.00000
0.10262	0.05843	-0.05802	0.41191
0.00000	0.00000	0.00000	1.00000

15th LED POS:(0.4, 7.0, 0.8)
15th LED frame:
-0.10721	0.05258	-0.05221	0.37074
0.00000	0.99285	0.01426	7.00000
0.05258	0.10721	-0.10644	0.75587
0.00000	0.00000	0.00000	1.00000

16th LED POS:(-0.1, 7.0, 0.8)
16th LED frame:
-0.11964	-0.01619	0.01607	-0.11414
0.00000	0.99269	0.01458	7.00000
-0.01619	0.11964	-0.11877	0.84366
0.00000	0.00000	0.00000	1.00000

17th LED POS:(-0.6, 7.0, 0.6)
17th LED frame:
-0.09189	-0.08034	0.07974	-0.56659
0.00000	0.99252	0.01490	7.00000
-0.08034	0.09189	-0.09120	0.64805
0.00000	0.00000	0.00000	1.00000

18th LED POS:(-0.8, 7.0, 0.2)
18th LED frame:
-0.03348	-0.11875	0.11784	-0.83762
0.00000	0.99236	0.01522	7.00000
-0.11875	0.03348	-0.03322	0.23614
0.00000	0.00000	0.00000	1.00000

19th LED POS:(-0.8, 7.0, -0.3)
19th LED frame:
0.03644	-0.11925	0.11832	-0.84133
0.00000	0.99220	0.01555	7.00000
-0.11925	-0.03644	0.03615	-0.25707
0.00000	0.00000	0.00000	1.00000

20th LED POS:(-0.6, 7.0, -0.7)
20th LED frame:
0.09564	-0.08205	0.08139	-0.57895
0.00000	0.99203	0.01588	7.00000
-0.08205	-0.09564	0.09488	-0.67489
0.00000	0.00000	0.00000	1.00000

21th LED POS:(-0.1, 7.0, -0.9)
21th LED frame:
0.12591	-0.01900	0.01885	-0.13410
0.00000	0.99186	0.01621	7.00000
-0.01900	-0.12591	0.12488	-0.88859
0.00000	0.00000	0.00000	1.00000

22th LED POS:(0.4, 7.0, -0.8)
22th LED frame:
0.11831	0.05053	-0.05011	0.35664
0.00000	0.99169	0.01655	7.00000
0.05053	-0.11831	0.11733	-0.83514
0.00000	0.00000	0.00000	1.00000

23th LED POS:(0.7, 7.0, -0.5)
23th LED frame:
0.07547	0.10581	-0.10492	0.74703
0.00000	0.99152	0.01689	7.00000
0.10581	-0.07547	0.07483	-0.53280
0.00000	0.00000	0.00000	1.00000

24th LED POS:(0.9, 7.0, -0.1)
24th LED frame:
0.01017	0.13089	-0.12976	0.92424
0.00000	0.99134	0.01724	7.00000
0.13089	-0.01017	0.01008	-0.07178
0.00000	0.00000	0.00000	1.00000

25th LED POS:(0.8, 7.0, 0.4)
25th LED frame:
-0.05875	0.11888	-0.11783	0.83955
0.00000	0.99117	0.01758	7.00000
0.11888	0.05875	-0.05823	0.41492
0.00000	0.00000	0.00000	1.00000

26th LED POS:(0.5, 7.0, 0.8)
26th LED frame:
-0.11197	0.07346	-0.07280	0.51891
0.00000	0.99099	0.01793	7.00000
0.07346	0.11197	-0.11096	0.79091
0.00000	0.00000	0.00000	1.00000

27th LED POS:(0.1, 7.0, 1.0)
27th LED frame:
-0.13503	0.00741	-0.00734	0.05232
0.00000	0.99081	0.01829	7.00000
0.00741	0.13503	-0.13379	0.95397
0.00000	0.00000	0.00000	1.00000

28th LED POS:(-0.4, 7.0, 0.9)
28th LED frame:
-0.12199	-0.06134	0.06076	-0.43343
0.00000	0.99063	0.01864	7.00000
-0.06134	0.12199	-0.12085	0.86203
0.00000	0.00000	0.00000	1.00000

29th LED POS:(-0.8, 7.0, 0.5)
29th LED frame:
-0.07662	-0.11461	0.11351	-0.80997
0.00000	0.99045	0.01901	7.00000
-0.11461	0.07662	-0.07589	0.54153
0.00000	0.00000	0.00000	1.00000

30th LED POS:(-1.0, 7.0, 0.1)
30th LED frame:
-0.01094	-0.13874	0.13739	-0.98074
0.00000	0.99027	0.01937	7.00000
-0.13874	0.01094	-0.01084	0.07736
0.00000	0.00000	0.00000	1.00000

31th LED POS:(-0.9, 7.0, -0.4)
31th LED frame:
0.05818	-0.12787	0.12660	-0.90405
0.00000	0.99008	0.01974	7.00000
-0.12787	-0.05818	0.05761	-0.41136
0.00000	0.00000	0.00000	1.00000

32th LED POS:(-0.6, 7.0, -0.8)
32th LED frame:
0.11349	-0.08500	0.08415	-0.60110
0.00000	0.98990	0.02011	7.00000
-0.08500	-0.11349	0.11234	-0.80255
0.00000	0.00000	0.00000	1.00000

33th LED POS:(-0.1, 7.0, -1.0)
33th LED frame:
0.14157	-0.02091	0.02069	-0.14788
0.00000	0.98971	0.02048	7.00000
-0.02091	-0.14157	0.14011	-1.00130
0.00000	0.00000	0.00000	1.00000

34th LED POS:(0.3, 7.0, -1.0)
34th LED frame:
0.13591	0.04884	-0.04833	0.34549
0.00000	0.98952	0.02086	7.00000
0.04884	-0.13591	0.13448	-0.96143
0.00000	0.00000	0.00000	1.00000

35th LED POS:(0.8, 7.0, -0.7)
35th LED frame:
0.09812	0.10774	-0.10659	0.76230
0.00000	0.98933	0.02124	7.00000
0.10774	-0.09812	0.09708	-0.69428
0.00000	0.00000	0.00000	1.00000

36th LED POS:(1.0, 7.0, -0.3)
36th LED frame:
0.03724	0.14224	-0.14069	1.00660
0.00000	0.98913	0.02162	7.00000
0.14224	-0.03724	0.03684	-0.26358
0.00000	0.00000	0.00000	1.00000

37th LED POS:(1.0, 7.0, 0.2)
37th LED frame:
-0.03269	0.14469	-0.14309	1.02419
0.00000	0.98894	0.02200	7.00000
0.14469	0.03269	-0.03232	0.23136
0.00000	0.00000	0.00000	1.00000

38th LED POS:(0.8, 7.0, 0.7)
38th LED frame:
-0.09596	0.11483	-0.11353	0.81295
0.00000	0.98874	0.02239	7.00000
0.11483	0.09596	-0.09488	0.67939
0.00000	0.00000	0.00000	1.00000

39th LED POS:(0.4, 7.0, 1.0)
39th LED frame:
-0.13875	0.05946	-0.05878	0.42107
0.00000	0.98854	0.02279	7.00000
0.05946	0.13875	-0.13716	0.98249
0.00000	0.00000	0.00000	1.00000

40th LED POS:(-0.1, 7.0, 1.1)
40th LED frame:
-0.15198	-0.00924	0.00913	-0.06545
0.00000	0.98834	0.02318	7.00000
-0.00924	0.15198	-0.15021	1.07639
0.00000	0.00000	0.00000	1.00000

41th LED POS:(-0.5, 7.0, 0.9)
41th LED frame:
-0.13309	-0.07661	0.07570	-0.54268
0.00000	0.98814	0.02358	7.00000
-0.07661	0.13309	-0.13151	0.94281
0.00000	0.00000	0.00000	1.00000

42th LED POS:(-0.9, 7.0, 0.6)
42th LED frame:
-0.08628	-0.12860	0.12705	-0.91120
0.00000	0.98794	0.02398	7.00000
-0.12860	0.08628	-0.08524	0.61136
0.00000	0.00000	0.00000	1.00000

43th LED POS:(-1.1, 7.0, 0.2)
43th LED frame:
-0.02138	-0.15470	0.15280	-1.09634
0.00000	0.98773	0.02439	7.00000
-0.15470	0.02138	-0.02112	0.15151
0.00000	0.00000	0.00000	1.00000

44th LED POS:(-1.1, 7.0, -0.3)
44th LED frame:
0.04840	-0.14985	0.14798	-1.06217
0.00000	0.98752	0.02480	7.00000
-0.14985	-0.04840	0.04780	-0.34311
0.00000	0.00000	0.00000	1.00000

45th LED POS:(-0.8, 7.0, -0.8)
45th LED frame:
0.10920	-0.11525	0.11379	-0.81715
0.00000	0.98732	0.02521	7.00000
-0.11525	-0.10920	0.10781	-0.77421
0.00000	0.00000	0.00000	1.00000

46th LED POS:(-0.4, 7.0, -1.1)
46th LED frame:
0.14923	-0.05790	0.05716	-0.41062
0.00000	0.98711	0.02562	7.00000
-0.05790	-0.14923	0.14731	-1.05826
0.00000	0.00000	0.00000	1.00000

47th LED POS:(0.1, 7.0, -1.1)
47th LED frame:
0.16099	0.01104	-0.01089	0.07828
0.00000	0.98689	0.02604	7.00000
0.01104	-0.16099	0.15888	-1.14191
0.00000	0.00000	0.00000	1.00000

48th LED POS:(-0.5, 7.0, -0.5)
48th LED frame:0.07036	-0.07036	0.07001	-0.49497
0.00000	0.99504	0.00990	7.00000
-0.07036	-0.07036	0.07001	-0.49497
0.00000	0.00000	0.00000	1.00000

49th LED POS:(-0.1, 7.0, -0.7)
49th LED frame:0.10054	-0.00766	0.00762	-0.05388
0.00000	0.99490	0.01017	7.00000
-0.00766	-0.10054	0.10003	-0.70741
0.00000	0.00000	0.00000	1.00000

50th LED POS:(0.4, 7.0, -0.6)
50th LED frame:0.08291	0.05969	-0.05938	0.42003
0.00000	0.99477	0.01044	7.00000
0.05969	-0.08291	0.08248	-0.58345
0.00000	0.00000	0.00000	1.00000

51th LED POS:(0.7, 7.0, -0.2)
51th LED frame:0.02621	0.10012	-0.09958	0.70464
0.00000	0.99463	0.01071	7.00000
0.10012	-0.02621	0.02607	-0.18444
0.00000	0.00000	0.00000	1.00000

52th LED POS:(0.7, 7.0, 0.3)
52th LED frame:-0.04331	0.09546	-0.09493	0.67192
0.00000	0.99449	0.01099	7.00000
0.09546	0.04331	-0.04307	0.30484
0.00000	0.00000	0.00000	1.00000

53th LED POS:(0.3, 7.0, 0.7)
53th LED frame:-0.09456	0.04823	-0.04796	0.33955
0.00000	0.99435	0.01127	7.00000
0.04823	0.09456	-0.09403	0.66570
0.00000	0.00000	0.00000	1.00000

54th LED POS:(-0.1, 7.0, 0.7)
54th LED frame:-0.10548	-0.02063	0.02051	-0.14522
0.00000	0.99421	0.01155	7.00000
-0.02063	0.10548	-0.10487	0.74269
0.00000	0.00000	0.00000	1.00000

55th LED POS:(-0.6, 7.0, 0.5)
55th LED frame:-0.07185	-0.08172	0.08123	-0.57544
0.00000	0.99406	0.01184	7.00000
-0.08172	0.07185	-0.07142	0.50592
0.00000	0.00000	0.00000	1.00000

56th LED POS:(-0.8, 7.0, 0.1)
56th LED frame:-0.00801	-0.10985	0.10918	-0.77362
0.00000	0.99392	0.01213	7.00000
-0.10985	0.00801	-0.00796	0.05638
0.00000	0.00000	0.00000	1.00000

57th LED POS:(-0.7, 7.0, -0.4)
57th LED frame:0.05995	-0.09397	0.09339	-0.66192
0.00000	0.99377	0.01242	7.00000
-0.09397	-0.05995	0.05957	-0.42225
0.00000	0.00000	0.00000	1.00000

58th LED POS:(-0.3, 7.0, -0.7)
58th LED frame:0.10515	-0.04079	0.04053	-0.28737
0.00000	0.99362	0.01272	7.00000
-0.04079	-0.10515	0.10448	-0.74081
0.00000	0.00000	0.00000	1.00000

59th LED POS:(0.2, 7.0, -0.8)
59th LED frame:0.11041	0.02883	-0.02864	0.20311
0.00000	0.99347	0.01302	7.00000
0.02883	-0.11041	0.10969	-0.77798
0.00000	0.00000	0.00000	1.00000

60th LED POS:(0.6, 7.0, -0.5)
60th LED frame:0.07413	0.08849	-0.08790	0.62362
0.00000	0.99331	0.01333	7.00000
0.08849	-0.07413	0.07363	-0.52240
0.00000	0.00000	0.00000	1.00000

61th LED POS:(0.8, 7.0, -0.1)
61th LED frame:0.01007	0.11633	-0.11553	0.81991
0.00000	0.99316	0.01363	7.00000
0.11633	-0.01007	0.01000	-0.07097
0.00000	0.00000	0.00000	1.00000

62th LED POS:(0.7, 7.0, 0.4)
62th LED frame:-0.05843	0.10262	-0.10190	0.72338
0.00000	0.99300	0.01394	7.00000
0.10262	0.05843	-0.05802	0.41191
0.00000	0.00000	0.00000	1.00000

63th LED POS:(0.4, 7.0, 0.8)
63th LED frame:-0.10721	0.05258	-0.05221	0.37074
0.00000	0.99285	0.01426	7.00000
0.05258	0.10721	-0.10644	0.75587
0.00000	0.00000	0.00000	1.00000

64th LED POS:(-0.1, 7.0, 0.8)
64th LED frame:-0.11964	-0.01619	0.01607	-0.11414
0.00000	0.99269	0.01458	7.00000
-0.01619	0.11964	-0.11877	0.84366
0.00000	0.00000	0.00000	1.00000

65th LED POS:(-0.6, 7.0, 0.6)
65th LED frame:-0.09189	-0.08034	0.07974	-0.56659
0.00000	0.99252	0.01490	7.00000
-0.08034	0.09189	-0.09120	0.64805
0.00000	0.00000	0.00000	1.00000

66th LED POS:(-0.8, 7.0, 0.2)
66th LED frame:-0.03348	-0.11875	0.11784	-0.83762
0.00000	0.99236	0.01522	7.00000
-0.11875	0.03348	-0.03322	0.23614
0.00000	0.00000	0.00000	1.00000

67th LED POS:(-0.8, 7.0, -0.3)
67th LED frame:0.03644	-0.11925	0.11832	-0.84133
0.00000	0.99220	0.01555	7.00000
-0.11925	-0.03644	0.03615	-0.25707
0.00000	0.00000	0.00000	1.00000

68th LED POS:(-0.6, 7.0, -0.7)
68th LED frame:0.09564	-0.08205	0.08139	-0.57895
0.00000	0.99203	0.01588	7.00000
-0.08205	-0.09564	0.09488	-0.67489
0.00000	0.00000	0.00000	1.00000

69th LED POS:(-0.1, 7.0, -0.9)
69th LED frame:0.12591	-0.01900	0.01885	-0.13410
0.00000	0.99186	0.01621	7.00000
-0.01900	-0.12591	0.12488	-0.88859
0.00000	0.00000	0.00000	1.00000

70th LED POS:(0.4, 7.0, -0.8)
70th LED frame:0.11831	0.05053	-0.05011	0.35664
0.00000	0.99169	0.01655	7.00000
0.05053	-0.11831	0.11733	-0.83514
0.00000	0.00000	0.00000	1.00000

71th LED POS:(0.7, 7.0, -0.5)
71th LED frame:0.07547	0.10581	-0.10492	0.74703
0.00000	0.99152	0.01689	7.00000
0.10581	-0.07547	0.07483	-0.53280
0.00000	0.00000	0.00000	1.00000

72th LED POS:(0.9, 7.0, -0.1)
72th LED frame:0.01017	0.13089	-0.12976	0.92424
0.00000	0.99134	0.01724	7.00000
0.13089	-0.01017	0.01008	-0.07178
0.00000	0.00000	0.00000	1.00000

73th LED POS:(0.8, 7.0, 0.4)
73th LED frame:-0.05875	0.11888	-0.11783	0.83955
0.00000	0.99117	0.01758	7.00000
0.11888	0.05875	-0.05823	0.41492
0.00000	0.00000	0.00000	1.00000

74th LED POS:(0.5, 7.0, 0.8)
74th LED frame:-0.11197	0.07346	-0.07280	0.51891
0.00000	0.99099	0.01793	7.00000
0.07346	0.11197	-0.11096	0.79091
0.00000	0.00000	0.00000	1.00000

75th LED POS:(0.1, 7.0, 1.0)
75th LED frame:-0.13503	0.00741	-0.00734	0.05232
0.00000	0.99081	0.01829	7.00000
0.00741	0.13503	-0.13379	0.95397
0.00000	0.00000	0.00000	1.00000

76th LED POS:(-0.4, 7.0, 0.9)
76th LED frame:-0.12199	-0.06134	0.06076	-0.43343
0.00000	0.99063	0.01864	7.00000
-0.06134	0.12199	-0.12085	0.86203
0.00000	0.00000	0.00000	1.00000

77th LED POS:(-0.8, 7.0, 0.5)
77th LED frame:-0.07662	-0.11461	0.11351	-0.80997
0.00000	0.99045	0.01901	7.00000
-0.11461	0.07662	-0.07589	0.54153
0.00000	0.00000	0.00000	1.00000

78th LED POS:(-1.0, 7.0, 0.1)
78th LED frame:-0.01094	-0.13874	0.13739	-0.98074
0.00000	0.99027	0.01937	7.00000
-0.13874	0.01094	-0.01084	0.07736
0.00000	0.00000	0.00000	1.00000

79th LED POS:(-0.9, 7.0, -0.4)
79th LED frame:0.05818	-0.12787	0.12660	-0.90405
0.00000	0.99008	0.01974	7.00000
-0.12787	-0.05818	0.05761	-0.41136
0.00000	0.00000	0.00000	1.00000

80th LED POS:(-0.6, 7.0, -0.8)
80th LED frame:0.11349	-0.08500	0.08415	-0.60110
0.00000	0.98990	0.02011	7.00000
-0.08500	-0.11349	0.11234	-0.80255
0.00000	0.00000	0.00000	1.00000

81th LED POS:(-0.1, 7.0, -1.0)
81th LED frame:0.14157	-0.02091	0.02069	-0.14788
0.00000	0.98971	0.02048	7.00000
-0.02091	-0.14157	0.14011	-1.00130
0.00000	0.00000	0.00000	1.00000

82th LED POS:(0.3, 7.0, -1.0)
82th LED frame:0.13591	0.04884	-0.04833	0.34549
0.00000	0.98952	0.02086	7.00000
0.04884	-0.13591	0.13448	-0.96143
0.00000	0.00000	0.00000	1.00000

83th LED POS:(0.8, 7.0, -0.7)
83th LED frame:0.09812	0.10774	-0.10659	0.76230
0.00000	0.98933	0.02124	7.00000
0.10774	-0.09812	0.09708	-0.69428
0.00000	0.00000	0.00000	1.00000

84th LED POS:(1.0, 7.0, -0.3)
84th LED frame:0.03724	0.14224	-0.14069	1.00660
0.00000	0.98913	0.02162	7.00000
0.14224	-0.03724	0.03684	-0.26358
0.00000	0.00000	0.00000	1.00000

85th LED POS:(1.0, 7.0, 0.2)
85th LED frame:-0.03269	0.14469	-0.14309	1.02419
0.00000	0.98894	0.02200	7.00000
0.14469	0.03269	-0.03232	0.23136
0.00000	0.00000	0.00000	1.00000

86th LED POS:(0.8, 7.0, 0.7)
86th LED frame:-0.09596	0.11483	-0.11353	0.81295
0.00000	0.98874	0.02239	7.00000
0.11483	0.09596	-0.09488	0.67939
0.00000	0.00000	0.00000	1.00000

87th LED POS:(0.4, 7.0, 1.0)
87th LED frame:-0.13875	0.05946	-0.05878	0.42107
0.00000	0.98854	0.02279	7.00000
0.05946	0.13875	-0.13716	0.98249
0.00000	0.00000	0.00000	1.00000

88th LED POS:(-0.1, 7.0, 1.1)
88th LED frame:-0.15198	-0.00924	0.00913	-0.06545
0.00000	0.98834	0.02318	7.00000
-0.00924	0.15198	-0.15021	1.07639
0.00000	0.00000	0.00000	1.00000

89th LED POS:(-0.5, 7.0, 0.9)
89th LED frame:-0.13309	-0.07661	0.07570	-0.54268
0.00000	0.98814	0.02358	7.00000
-0.07661	0.13309	-0.13151	0.94281
0.00000	0.00000	0.00000	1.00000

90th LED POS:(-0.9, 7.0, 0.6)
90th LED frame:-0.08628	-0.12860	0.12705	-0.91120
0.00000	0.98794	0.02398	7.00000
-0.12860	0.08628	-0.08524	0.61136
0.00000	0.00000	0.00000	1.00000

91th LED POS:(-1.1, 7.0, 0.2)
91th LED frame:-0.02138	-0.15470	0.15280	-1.09634
0.00000	0.98773	0.02439	7.00000
-0.15470	0.02138	-0.02112	0.15151
0.00000	0.00000	0.00000	1.00000

92th LED POS:(-1.1, 7.0, -0.3)
92th LED frame:0.04840	-0.14985	0.14798	-1.06217
0.00000	0.98752	0.02480	7.00000
-0.14985	-0.04840	0.04780	-0.34311
0.00000	0.00000	0.00000	1.00000

93th LED POS:(-0.8, 7.0, -0.8)
93th LED frame:0.10920	-0.11525	0.11379	-0.81715
0.00000	0.98732	0.02521	7.00000
-0.11525	-0.10920	0.10781	-0.77421
0.00000	0.00000	0.00000	1.00000

94th LED POS:(-0.4, 7.0, -1.1)
94th LED frame:0.14923	-0.05790	0.05716	-0.41062
0.00000	0.98711	0.02562	7.00000
-0.05790	-0.14923	0.14731	-1.05826
0.00000	0.00000	0.00000	1.00000

95th LED POS:(0.1, 7.0, -1.1)
95th LED frame:0.16099	0.01104	-0.01089	0.07828
0.00000	0.98689	0.02604	7.00000
0.01104	-0.16099	0.15888	-1.14191
0.00000	0.00000	0.00000	1.00000

96th LED POS:(0.6, 7.0, -1.6)
96th LED frame:-0.07001	-0.07036	0.07036	-0.49497
-0.00990	0.99504	0.00000	7.00000
-0.07001	-0.07036	-0.07036	-0.49497
0.00000	0.00000	0.00000	1.00000

97th LED POS:(1.0, 7.0, -1.4)
97th LED frame:-0.00762	-0.00766	0.10054	-0.05388
-0.01017	0.99490	0.00000	7.00000
-0.10003	-0.10054	-0.00766	-0.70741
0.00000	0.00000	0.00000	1.00000

98th LED POS:(1.4, 7.0, -1.0)
98th LED frame:0.05938	0.05969	0.08291	0.42003
-0.01044	0.99477	0.00000	7.00000
-0.08248	-0.08291	0.05969	-0.58345
0.00000	0.00000	0.00000	1.00000

99th LED POS:(1.6, 7.0, -0.6)
99th LED frame:0.09958	0.10012	0.02621	0.70464
-0.01071	0.99463	0.00000	7.00000
-0.02607	-0.02621	0.10012	-0.18444
0.00000	0.00000	0.00000	1.00000

100th LED POS:(1.7, 7.0, -0.1)
100th LED frame:0.09493	0.09546	-0.04331	0.67192
-0.01099	0.99449	0.00000	7.00000
0.04307	0.04331	0.09546	0.30484
0.00000	0.00000	0.00000	1.00000

101th LED POS:(1.7, 7.0, 0.4)
101th LED frame:0.04796	0.04823	-0.09456	0.33955
-0.01127	0.99435	0.00000	7.00000
0.09403	0.09456	0.04823	0.66570
0.00000	0.00000	0.00000	1.00000

102th LED POS:(1.5, 7.0, 0.9)
102th LED frame:-0.02051	-0.02063	-0.10548	-0.14522
-0.01155	0.99421	0.00000	7.00000
0.10487	0.10548	-0.02063	0.74269
0.00000	0.00000	0.00000	1.00000

103th LED POS:(1.2, 7.0, 1.3)
103th LED frame:-0.08123	-0.08172	-0.07185	-0.57544
-0.01184	0.99406	0.00000	7.00000
0.07142	0.07185	-0.08172	0.50592
0.00000	0.00000	0.00000	1.00000

104th LED POS:(0.8, 7.0, 1.6)
104th LED frame:-0.10918	-0.10985	-0.00801	-0.77362
-0.01213	0.99392	0.00000	7.00000
0.00796	0.00801	-0.10985	0.05638
0.00000	0.00000	0.00000	1.00000

105th LED POS:(0.3, 7.0, 1.7)
105th LED frame:-0.09339	-0.09397	0.05995	-0.66192
-0.01242	0.99377	0.00000	7.00000
-0.05957	-0.05995	-0.09397	-0.42225
0.00000	0.00000	0.00000	1.00000

106th LED POS:(-0.2, 7.0, 1.7)
106th LED frame:-0.04053	-0.04079	0.10515	-0.28737
-0.01272	0.99362	0.00000	7.00000
-0.10448	-0.10515	-0.04079	-0.74081
0.00000	0.00000	0.00000	1.00000

107th LED POS:(-0.7, 7.0, 1.6)
107th LED frame:0.02864	0.02883	0.11041	0.20311
-0.01302	0.99347	0.00000	7.00000
-0.10969	-0.11041	0.02883	-0.77798
0.00000	0.00000	0.00000	1.00000

108th LED POS:(-1.1, 7.0, 1.4)
108th LED frame:0.08790	0.08849	0.07413	0.62362
-0.01333	0.99331	0.00000	7.00000
-0.07363	-0.07413	0.08849	-0.52240
0.00000	0.00000	0.00000	1.00000

109th LED POS:(-1.4, 7.0, 1.0)
109th LED frame:0.11553	0.11633	0.01007	0.81991
-0.01363	0.99316	0.00000	7.00000
-0.01000	-0.01007	0.11633	-0.07097
0.00000	0.00000	0.00000	1.00000

110th LED POS:(-1.7, 7.0, 0.5)
110th LED frame:0.10190	0.10262	-0.05843	0.72338
-0.01394	0.99300	0.00000	7.00000
0.05802	0.05843	0.10262	0.41191
0.00000	0.00000	0.00000	1.00000

111th LED POS:(-1.8, 7.0, 0.1)
111th LED frame:0.05221	0.05258	-0.10721	0.37074
-0.01426	0.99285	0.00000	7.00000
0.10644	0.10721	0.05258	0.75587
0.00000	0.00000	0.00000	1.00000

112th LED POS:(-1.7, 7.0, -0.4)
112th LED frame:-0.01607	-0.01619	-0.11964	-0.11414
-0.01458	0.99269	0.00000	7.00000
0.11877	0.11964	-0.01619	0.84366
0.00000	0.00000	0.00000	1.00000

113th LED POS:(-1.5, 7.0, -0.9)
113th LED frame:-0.07974	-0.08034	-0.09189	-0.56659
-0.01490	0.99252	0.00000	7.00000
0.09120	0.09189	-0.08034	0.64805
0.00000	0.00000	0.00000	1.00000

114th LED POS:(-1.2, 7.0, -1.3)
114th LED frame:-0.11784	-0.11875	-0.03348	-0.83762
-0.01522	0.99236	0.00000	7.00000
0.03322	0.03348	-0.11875	0.23614
0.00000	0.00000	0.00000	1.00000

115th LED POS:(-0.8, 7.0, -1.6)
115th LED frame:-0.11832	-0.11925	0.03644	-0.84133
-0.01555	0.99220	0.00000	7.00000
-0.03615	-0.03644	-0.11925	-0.25707
0.00000	0.00000	0.00000	1.00000

116th LED POS:(-0.3, 7.0, -1.8)
116th LED frame:-0.08139	-0.08205	0.09564	-0.57895
-0.01588	0.99203	0.00000	7.00000
-0.09488	-0.09564	-0.08205	-0.67489
0.00000	0.00000	0.00000	1.00000

117th LED POS:(0.1, 7.0, -1.8)
117th LED frame:-0.01885	-0.01900	0.12591	-0.13410
-0.01621	0.99186	0.00000	7.00000
-0.12488	-0.12591	-0.01900	-0.88859
0.00000	0.00000	0.00000	1.00000

118th LED POS:(0.6, 7.0, -1.7)
118th LED frame:0.05011	0.05053	0.11831	0.35664
-0.01655	0.99169	0.00000	7.00000
-0.11733	-0.11831	0.05053	-0.83514
0.00000	0.00000	0.00000	1.00000

119th LED POS:(1.1, 7.0, -1.4)
119th LED frame:0.10492	0.10581	0.07547	0.74703
-0.01689	0.99152	0.00000	7.00000
-0.07483	-0.07547	0.10581	-0.53280
0.00000	0.00000	0.00000	1.00000

120th LED POS:(1.4, 7.0, -1.1)
120th LED frame:0.12976	0.13089	0.01017	0.92424
-0.01724	0.99134	0.00000	7.00000
-0.01008	-0.01017	0.13089	-0.07178
0.00000	0.00000	0.00000	1.00000

121th LED POS:(1.7, 7.0, -0.7)
121th LED frame:0.11783	0.11888	-0.05875	0.83955
-0.01758	0.99117	0.00000	7.00000
0.05823	0.05875	0.11888	0.41492
0.00000	0.00000	0.00000	1.00000

122th LED POS:(1.8, 7.0, -0.2)
122th LED frame:0.07280	0.07346	-0.11197	0.51891
-0.01793	0.99099	0.00000	7.00000
0.11096	0.11197	0.07346	0.79091
0.00000	0.00000	0.00000	1.00000

123th LED POS:(1.8, 7.0, 0.3)
123th LED frame:0.00734	0.00741	-0.13503	0.05232
-0.01829	0.99081	0.00000	7.00000
0.13379	0.13503	0.00741	0.95397
0.00000	0.00000	0.00000	1.00000

124th LED POS:(1.6, 7.0, 0.8)
124th LED frame:-0.06076	-0.06134	-0.12199	-0.43343
-0.01864	0.99063	0.00000	7.00000
0.12085	0.12199	-0.06134	0.86203
0.00000	0.00000	0.00000	1.00000

125th LED POS:(1.4, 7.0, 1.2)
125th LED frame:-0.11351	-0.11461	-0.07662	-0.80997
-0.01901	0.99045	0.00000	7.00000
0.07589	0.07662	-0.11461	0.54153
0.00000	0.00000	0.00000	1.00000

126th LED POS:(1.0, 7.0, 1.5)
126th LED frame:-0.13739	-0.13874	-0.01094	-0.98074
-0.01937	0.99027	0.00000	7.00000
0.01084	0.01094	-0.13874	0.07736
0.00000	0.00000	0.00000	1.00000

127th LED POS:(0.5, 7.0, 1.8)
127th LED frame:-0.12660	-0.12787	0.05818	-0.90405
-0.01974	0.99008	0.00000	7.00000
-0.05761	-0.05818	-0.12787	-0.41136
0.00000	0.00000	0.00000	1.00000

128th LED POS:(0.0, 7.0, 1.8)
128th LED frame:-0.08415	-0.08500	0.11349	-0.60110
-0.02011	0.98990	0.00000	7.00000
-0.11234	-0.11349	-0.08500	-0.80255
0.00000	0.00000	0.00000	1.00000

129th LED POS:(-0.4, 7.0, 1.8)
129th LED frame:-0.02069	-0.02091	0.14157	-0.14788
-0.02048	0.98971	0.00000	7.00000
-0.14011	-0.14157	-0.02091	-1.00130
0.00000	0.00000	0.00000	1.00000

130th LED POS:(-0.9, 7.0, 1.6)
130th LED frame:0.04833	0.04884	0.13591	0.34549
-0.02086	0.98952	0.00000	7.00000
-0.13448	-0.13591	0.04884	-0.96143
0.00000	0.00000	0.00000	1.00000

131th LED POS:(-1.3, 7.0, 1.3)
131th LED frame:0.10659	0.10774	0.09812	0.76230
-0.02124	0.98933	0.00000	7.00000
-0.09708	-0.09812	0.10774	-0.69428
0.00000	0.00000	0.00000	1.00000

132th LED POS:(-1.6, 7.0, 0.9)
132th LED frame:0.14069	0.14224	0.03724	1.00660
-0.02162	0.98913	0.00000	7.00000
-0.03684	-0.03724	0.14224	-0.26358
0.00000	0.00000	0.00000	1.00000

133th LED POS:(-1.8, 7.0, 0.5)
133th LED frame:0.14309	0.14469	-0.03269	1.02419
-0.02200	0.98894	0.00000	7.00000
0.03232	0.03269	0.14469	0.23136
0.00000	0.00000	0.00000	1.00000

134th LED POS:(-1.9, 7.0, 0.0)
134th LED frame:0.11353	0.11483	-0.09596	0.81295
-0.02239	0.98874	0.00000	7.00000
0.09488	0.09596	0.11483	0.67939
0.00000	0.00000	0.00000	1.00000

135th LED POS:(-1.8, 7.0, -0.5)
135th LED frame:0.05878	0.05946	-0.13875	0.42107
-0.02279	0.98854	0.00000	7.00000
0.13716	0.13875	0.05946	0.98249
0.00000	0.00000	0.00000	1.00000

136th LED POS:(-1.6, 7.0, -1.0)
136th LED frame:-0.00913	-0.00924	-0.15198	-0.06545
-0.02318	0.98834	0.00000	7.00000
0.15021	0.15198	-0.00924	1.07639
0.00000	0.00000	0.00000	1.00000

137th LED POS:(-1.3, 7.0, -1.4)
137th LED frame:-0.07570	-0.07661	-0.13309	-0.54268
-0.02358	0.98814	0.00000	7.00000
0.13151	0.13309	-0.07661	0.94281
0.00000	0.00000	0.00000	1.00000

138th LED POS:(-0.9, 7.0, -1.7)
138th LED frame:-0.12705	-0.12860	-0.08628	-0.91120
-0.02398	0.98794	0.00000	7.00000
0.08524	0.08628	-0.12860	0.61136
0.00000	0.00000	0.00000	1.00000

139th LED POS:(-0.4, 7.0, -1.8)
139th LED frame:-0.15280	-0.15470	-0.02138	-1.09634
-0.02439	0.98773	0.00000	7.00000
0.02112	0.02138	-0.15470	0.15151
0.00000	0.00000	0.00000	1.00000

140th LED POS:(0.1, 7.0, -1.9)
140th LED frame:-0.14798	-0.14985	0.04840	-1.06217
-0.02480	0.98752	0.00000	7.00000
-0.04780	-0.04840	-0.14985	-0.34311
0.00000	0.00000	0.00000	1.00000

141th LED POS:(0.6, 7.0, -1.8)
141th LED frame:-0.11379	-0.11525	0.10920	-0.81715
-0.02521	0.98732	0.00000	7.00000
-0.10781	-0.10920	-0.11525	-0.77421
0.00000	0.00000	0.00000	1.00000

142th LED POS:(1.0, 7.0, -1.6)
142th LED frame:-0.05716	-0.05790	0.14923	-0.41062
-0.02562	0.98711	0.00000	7.00000
-0.14731	-0.14923	-0.05790	-1.05826
0.00000	0.00000	0.00000	1.00000

143th LED POS:(1.4, 7.0, -1.3)
143th LED frame:0.01089	0.01104	0.16099	0.07828
-0.02604	0.98689	0.00000	7.00000
-0.15888	-0.16099	0.01104	-1.14191
0.00000	0.00000	0.00000	1.00000

144th LED POS:(1.7, 7.0, -0.9)
144th LED frame:0.07844	0.08072	0.22177	0.58143
-0.05569	0.97175	0.00000	7.00000
-0.21550	-0.22177	0.08072	-1.59748
0.00000	0.00000	0.00000	1.00000

145th LED POS:(1.9, 7.0, -0.4)
145th LED frame:0.13778	0.14180	0.18935	1.02162
-0.05596	0.97162	0.00000	7.00000
-0.18398	-0.18935	0.14180	-1.36417
0.00000	0.00000	0.00000	1.00000

146th LED POS:(1.9, 7.0, 0.1)
146th LED frame:0.18546	0.19090	0.14066	1.37556
-0.05623	0.97148	0.00000	7.00000
-0.13665	-0.14066	0.19090	-1.01352
0.00000	0.00000	0.00000	1.00000

147th LED POS:(1.8, 7.0, 0.6)
147th LED frame:0.21745	0.22387	0.07988	1.61330
-0.05650	0.97134	0.00000	7.00000
-0.07759	-0.07988	0.22387	-0.57569
0.00000	0.00000	0.00000	1.00000

148th LED POS:(1.6, 7.0, 1.1)
148th LED frame:0.23109	0.23794	0.01220	1.71499
-0.05677	0.97120	0.00000	7.00000
-0.01185	-0.01220	0.23794	-0.08793
0.00000	0.00000	0.00000	1.00000

149th LED POS:(1.3, 7.0, 1.4)
149th LED frame:0.22529	0.23200	-0.05666	1.67239
-0.05703	0.97106	0.00000	7.00000
0.05502	0.05666	0.23200	0.40847
0.00000	0.00000	0.00000	1.00000

150th LED POS:(0.9, 7.0, 1.7)
150th LED frame:0.20058	0.20659	-0.12094	1.48942
-0.05730	0.97093	0.00000	7.00000
0.11742	0.12094	0.20659	0.87192
0.00000	0.00000	0.00000	1.00000

151th LED POS:(0.4, 7.0, 1.9)
151th LED frame:0.15909	0.16388	-0.17527	1.18169
-0.05757	0.97079	0.00000	7.00000
0.17014	0.17527	0.16388	1.26378
0.00000	0.00000	0.00000	1.00000

152th LED POS:(-0.1, 7.0, 1.9)
152th LED frame:0.10431	0.10747	-0.21517	0.77502
-0.05785	0.97065	0.00000	7.00000
0.20885	0.21517	0.10747	1.55171
0.00000	0.00000	0.00000	1.00000

153th LED POS:(-0.6, 7.0, 1.9)
153th LED frame:0.04081	0.04205	-0.23738	0.30329
-0.05812	0.97051	0.00000	7.00000
0.23038	0.23738	0.04205	1.71214
0.00000	0.00000	0.00000	1.00000

154th LED POS:(-1.0, 7.0, 1.7)
154th LED frame:-0.02618	-0.02698	-0.24013	-0.19460
-0.05839	0.97037	0.00000	7.00000
0.23301	0.24013	-0.02698	1.73221
0.00000	0.00000	0.00000	1.00000

155th LED POS:(-1.4, 7.0, 1.3)
155th LED frame:-0.09115	-0.09395	-0.22324	-0.67782
-0.05866	0.97023	0.00000	7.00000
0.21659	0.22324	-0.09395	1.61060
0.00000	0.00000	0.00000	1.00000

156th LED POS:(-1.7, 7.0, 0.9)
156th LED frame:-0.14883	-0.15342	-0.18813	-1.10709
-0.05893	0.97009	0.00000	7.00000
0.18251	0.18813	-0.15342	1.35754
0.00000	0.00000	0.00000	1.00000

157th LED POS:(-1.9, 7.0, 0.5)
157th LED frame:-0.19457	-0.20060	-0.13771	-1.44773
-0.05921	0.96995	0.00000	7.00000
0.13357	0.13771	-0.20060	0.99386
0.00000	0.00000	0.00000	1.00000

158th LED POS:(-2.0, 7.0, 0.0)
158th LED frame:-0.22472	-0.23172	-0.07608	-1.67252
-0.05948	0.96980	0.00000	7.00000
0.07378	0.07608	-0.23172	0.54911
0.00000	0.00000	0.00000	1.00000

159th LED POS:(-1.9, 7.0, -0.5)
159th LED frame:-0.23690	-0.24431	-0.00820	-1.76367
-0.05975	0.96966	0.00000	7.00000
0.00795	0.00820	-0.24431	0.05920
0.00000	0.00000	0.00000	1.00000

160th LED POS:(-1.7, 7.0, -1.0)
160th LED frame:-0.23019	-0.23743	0.06048	-1.71423
-0.06003	0.96952	0.00000	7.00000
-0.05864	-0.06048	-0.23743	-0.43668
0.00000	0.00000	0.00000	1.00000

161th LED POS:(-1.4, 7.0, -1.4)
161th LED frame:-0.20518	-0.21166	0.12451	-1.52845
-0.06030	0.96938	0.00000	7.00000
-0.12070	-0.12451	-0.21166	-0.89909
0.00000	0.00000	0.00000	1.00000

162th LED POS:(-1.0, 7.0, -1.7)
162th LED frame:-0.16391	-0.16911	0.17883	-1.22135
-0.06058	0.96924	0.00000	7.00000
-0.17333	-0.17883	-0.16911	-1.29156
0.00000	0.00000	0.00000	1.00000

163th LED POS:(-0.6, 7.0, -1.9)
163th LED frame:-0.10966	-0.11316	0.21921	-0.81736
-0.06086	0.96909	0.00000	7.00000
-0.21243	-0.21921	-0.11316	-1.58339
0.00000	0.00000	0.00000	1.00000

164th LED POS:(-0.1, 7.0, -2.0)
164th LED frame:-0.04672	-0.04822	0.24250	-0.34837
-0.06113	0.96895	0.00000	7.00000
-0.23497	-0.24250	-0.04822	-1.75192
0.00000	0.00000	0.00000	1.00000

165th LED POS:(0.4, 7.0, -2.0)
165th LED frame:0.01997	0.02062	0.24695	0.14897
-0.06141	0.96881	0.00000	7.00000
-0.23925	-0.24695	0.02062	-1.78432
0.00000	0.00000	0.00000	1.00000

166th LED POS:(0.9, 7.0, -1.8)
166th LED frame:0.08525	0.08800	0.23226	0.63595
-0.06169	0.96867	0.00000	7.00000
-0.22498	-0.23226	0.08800	-1.67840
0.00000	0.00000	0.00000	1.00000

167th LED POS:(1.3, 7.0, -1.5)
167th LED frame:0.14406	0.14875	0.19960	1.07506
-0.06197	0.96852	0.00000	7.00000
-0.19332	-0.19960	0.14875	-1.44263
0.00000	0.00000	0.00000	1.00000

168th LED POS:(1.6, 7.0, -1.2)
168th LED frame:0.19192	0.19819	0.15155	1.43263
-0.06225	0.96838	0.00000	7.00000
-0.14675	-0.15155	0.19819	-1.09546
0.00000	0.00000	0.00000	1.00000

169th LED POS:(1.9, 7.0, -0.7)
169th LED frame:0.22520	0.23259	0.09180	1.68154
-0.06252	0.96823	0.00000	7.00000
-0.08888	-0.09180	0.23259	-0.66367
0.00000	0.00000	0.00000	1.00000

170th LED POS:(2.0, 7.0, -0.3)
170th LED frame:0.24141	0.24936	0.02493	1.80309
-0.06280	0.96809	0.00000	7.00000
-0.02414	-0.02493	0.24936	-0.18029
0.00000	0.00000	0.00000	1.00000

171th LED POS:(2.0, 7.0, 0.2)
171th LED frame:0.23936	0.24729	-0.04396	1.78836
-0.06308	0.96794	0.00000	7.00000
0.04255	0.04396	0.24729	0.31790
0.00000	0.00000	0.00000	1.00000

172th LED POS:(1.9, 7.0, 0.7)
172th LED frame:0.21927	0.22657	-0.10969	1.63876
-0.06337	0.96780	0.00000	7.00000
0.10616	0.10969	0.22657	0.79336
0.00000	0.00000	0.00000	1.00000

173th LED POS:(1.7, 7.0, 1.2)
173th LED frame:0.18270	0.18881	-0.16732	1.36585
-0.06365	0.96765	0.00000	7.00000
0.16191	0.16732	0.18881	1.21043
0.00000	0.00000	0.00000	1.00000

174th LED POS:(1.3, 7.0, 1.5)
174th LED frame:0.13242	0.13687	-0.21259	0.99025
-0.06393	0.96751	0.00000	7.00000
0.20568	0.21259	0.13687	1.53812
0.00000	0.00000	0.00000	1.00000

175th LED POS:(0.9, 7.0, 1.8)
175th LED frame:0.07221	0.07465	-0.24215	0.54016
-0.06421	0.96736	0.00000	7.00000
0.23425	0.24215	0.07465	1.75227
0.00000	0.00000	0.00000	1.00000

176th LED POS:(0.4, 7.0, 2.0)
176th LED frame:0.00655	0.00677	-0.25387	0.04900
-0.06449	0.96722	0.00000	7.00000
0.24554	0.25387	0.00677	1.83729
0.00000	0.00000	0.00000	1.00000

177th LED POS:(-0.1, 7.0, 2.0)
177th LED frame:-0.05971	-0.06175	-0.24691	-0.44693
-0.06478	0.96707	0.00000	7.00000
0.23878	0.24691	-0.06175	1.78722
0.00000	0.00000	0.00000	1.00000

178th LED POS:(-0.5, 7.0, 2.0)
178th LED frame:-0.12172	-0.12588	-0.22184	-0.91132
-0.06506	0.96692	0.00000	7.00000
0.21451	0.22184	-0.12588	1.60602
0.00000	0.00000	0.00000	1.00000

179th LED POS:(-1.0, 7.0, 1.8)
179th LED frame:-0.17495	-0.18097	-0.18054	-1.31031
-0.06534	0.96678	0.00000	7.00000
0.17454	0.18054	-0.18097	1.30723
0.00000	0.00000	0.00000	1.00000

180th LED POS:(-1.4, 7.0, 1.5)
180th LED frame:-0.21559	-0.22303	-0.12604	-1.61511
-0.06563	0.96663	0.00000	7.00000
0.12184	0.12604	-0.22303	0.91278
0.00000	0.00000	0.00000	1.00000

181th LED POS:(-1.7, 7.0, 1.1)
181th LED frame:-0.24071	-0.24906	-0.06233	-1.80387
-0.06591	0.96648	0.00000	7.00000
0.06024	0.06233	-0.24906	0.45142
0.00000	0.00000	0.00000	1.00000

182th LED POS:(-2.0, 7.0, 0.7)
182th LED frame:-0.24856	-0.25722	0.00601	-1.86330
-0.06620	0.96633	0.00000	7.00000
-0.00581	-0.00601	-0.25722	-0.04354
0.00000	0.00000	0.00000	1.00000

183th LED POS:(-2.1, 7.0, 0.2)
183th LED frame:-0.23864	-0.24699	0.07405	-1.78942
-0.06649	0.96618	0.00000	7.00000
-0.07155	-0.07405	-0.24699	-0.53653
0.00000	0.00000	0.00000	1.00000

184th LED POS:(-2.1, 7.0, -0.3)
184th LED frame:-0.21168	-0.21912	0.13696	-1.58778
-0.06677	0.96604	0.00000	7.00000
-0.13231	-0.13696	-0.21912	-0.99245
0.00000	0.00000	0.00000	1.00000

185th LED POS:(-1.9, 7.0, -0.8)
185th LED frame:-0.16966	-0.17565	0.19028	-1.27299
-0.06706	0.96589	0.00000	7.00000
-0.18379	-0.19028	-0.17565	-1.37900
0.00000	0.00000	0.00000	1.00000

186th LED POS:(-1.7, 7.0, -1.2)
186th LED frame:-0.11559	-0.11969	0.23027	-0.86752
-0.06735	0.96574	0.00000	7.00000
-0.22238	-0.23027	-0.11969	-1.66906
0.00000	0.00000	0.00000	1.00000

187th LED POS:(-1.4, 7.0, -1.6)
187th LED frame:-0.05329	-0.05519	0.25415	-0.40011
-0.06764	0.96559	0.00000	7.00000
-0.24540	-0.25415	-0.05519	-1.84242
0.00000	0.00000	0.00000	1.00000

188th LED POS:(-0.9, 7.0, -1.9)
188th LED frame:0.01284	0.01330	0.26028	0.09642
-0.06792	0.96544	0.00000	7.00000
-0.25129	-0.26028	0.01330	-1.88721
0.00000	0.00000	0.00000	1.00000

189th LED POS:(-0.5, 7.0, -2.0)
189th LED frame:0.07819	0.08100	0.24830	0.58738
-0.06821	0.96529	0.00000	7.00000
-0.23968	-0.24830	0.08100	-1.80060
0.00000	0.00000	0.00000	1.00000

190th LED POS:(0.0, 7.0, -2.1)
190th LED frame:0.13823	0.14322	0.21907	1.03875
-0.06850	0.96514	0.00000	7.00000
-0.21143	-0.21907	0.14322	-1.58888
0.00000	0.00000	0.00000	1.00000

191th LED POS:(0.5, 7.0, -2.0)
191th LED frame:0.18883	0.19568	0.17466	1.41942
-0.06879	0.96499	0.00000	7.00000
-0.16854	-0.17466	0.19568	-1.26695
0.00000	0.00000	0.00000	1.00000

192th LED POS:(1.0, 7.0, -1.9)
192th LED frame:0.22653	0.23479	0.11815	1.70342
-0.06908	0.96484	0.00000	7.00000
-0.11399	-0.11815	0.23479	-0.85715
0.00000	0.00000	0.00000	1.00000

193th LED POS:(1.4, 7.0, -1.6)
193th LED frame:0.24881	0.25791	0.05344	1.87148
-0.06938	0.96469	0.00000	7.00000
-0.05155	-0.05344	0.25791	-0.38777
0.00000	0.00000	0.00000	1.00000

194th LED POS:(1.7, 7.0, -1.2)
194th LED frame:0.25417	0.26352	-0.01503	1.91243
-0.06967	0.96454	0.00000	7.00000
0.01450	0.01503	0.26352	0.10911
0.00000	0.00000	0.00000	1.00000

195th LED POS:(2.0, 7.0, -0.8)
195th LED frame:0.24231	0.25126	-0.08263	1.82376
-0.06996	0.96439	0.00000	7.00000
0.07969	0.08263	0.25126	0.59976
0.00000	0.00000	0.00000	1.00000

196th LED POS:(2.1, 7.0, -0.3)
196th LED frame:0.21408	0.22202	-0.14478	1.61176
-0.07025	0.96423	0.00000	7.00000
0.13960	0.14478	0.22202	1.05102
0.00000	0.00000	0.00000	1.00000

197th LED POS:(2.1, 7.0, 0.2)
197th LED frame:0.17141	0.17779	-0.19732	1.29090
-0.07054	0.96408	0.00000	7.00000
0.19023	0.19732	0.17779	1.43268
0.00000	0.00000	0.00000	1.00000

198th LED POS:(2.0, 7.0, 0.7)
198th LED frame:0.11720	0.12158	-0.23676	0.88294
-0.07084	0.96393	0.00000	7.00000
0.22822	0.23676	0.12158	1.71932
0.00000	0.00000	0.00000	1.00000

199th LED POS:(1.8, 7.0, 1.1)
199th LED frame:0.05510	0.05717	-0.26051	0.41520
-0.07113	0.96378	0.00000	7.00000
0.25107	0.26051	0.05717	1.89207
0.00000	0.00000	0.00000	1.00000

