0th LED POS:(-0.5, 5.0, -0.5)
0th LED frame:
0.09804	-0.09804	0.09709	-0.49497
0.00000	0.99034	0.01922	5.00000
-0.09804	-0.09804	0.09709	-0.49497
0.00000	0.00000	0.00000	1.00000

1th LED POS:(-0.1, 5.0, -0.7)
1th LED frame:
0.14008	-0.01067	0.01056	-0.05388
0.00000	0.99008	0.01974	5.00000
-0.01067	-0.14008	0.13869	-0.70741
0.00000	0.00000	0.00000	1.00000

2th LED POS:(0.4, 5.0, -0.6)
2th LED frame:
0.11550	0.08315	-0.08230	0.42003
0.00000	0.98982	0.02026	5.00000
0.08315	-0.11550	0.11433	-0.58345
0.00000	0.00000	0.00000	1.00000

3th LED POS:(0.7, 5.0, -0.2)
3th LED frame:
0.03650	0.13946	-0.13800	0.70464
0.00000	0.98956	0.02078	5.00000
0.13946	-0.03650	0.03612	-0.18444
0.00000	0.00000	0.00000	1.00000

4th LED POS:(0.7, 5.0, 0.3)
4th LED frame:
-0.06031	0.13294	-0.13152	0.67192
0.00000	0.98929	0.02131	5.00000
0.13294	0.06031	-0.05967	0.30484
0.00000	0.00000	0.00000	1.00000

5th LED POS:(0.3, 5.0, 0.7)
5th LED frame:
-0.13168	0.06716	-0.06643	0.33955
0.00000	0.98901	0.02185	5.00000
0.06716	0.13168	-0.13023	0.66570
0.00000	0.00000	0.00000	1.00000

6th LED POS:(-0.1, 5.0, 0.7)
6th LED frame:
-0.14687	-0.02872	0.02839	-0.14522
0.00000	0.98874	0.02239	5.00000
-0.02872	0.14687	-0.14521	0.74269
0.00000	0.00000	0.00000	1.00000

7th LED POS:(-0.6, 5.0, 0.5)
7th LED frame:
-0.10002	-0.11376	0.11245	-0.57544
0.00000	0.98846	0.02294	5.00000
-0.11376	0.10002	-0.09886	0.50592
0.00000	0.00000	0.00000	1.00000

8th LED POS:(-0.8, 5.0, 0.1)
8th LED frame:
-0.01114	-0.15290	0.15109	-0.77362
0.00000	0.98818	0.02350	5.00000
-0.15290	0.01114	-0.01101	0.05638
0.00000	0.00000	0.00000	1.00000

9th LED POS:(-0.7, 5.0, -0.4)
9th LED frame:
0.08343	-0.13078	0.12920	-0.66192
0.00000	0.98789	0.02406	5.00000
-0.13078	-0.08343	0.08242	-0.42225
0.00000	0.00000	0.00000	1.00000

10th LED POS:(-0.3, 5.0, -0.7)
10th LED frame:
0.14633	-0.05676	0.05606	-0.28737
0.00000	0.98761	0.02463	5.00000
-0.05676	-0.14633	0.14451	-0.74081
0.00000	0.00000	0.00000	1.00000

11th LED POS:(0.2, 5.0, -0.8)
11th LED frame:
0.15362	0.04011	-0.03960	0.20311
0.00000	0.98732	0.02521	5.00000
0.04011	-0.15362	0.15167	-0.77798
0.00000	0.00000	0.00000	1.00000

12th LED POS:(0.6, 5.0, -0.5)
12th LED frame:
0.10312	0.12310	-0.12151	0.62362
0.00000	0.98702	0.02579	5.00000
0.12310	-0.10312	0.10179	-0.52240
0.00000	0.00000	0.00000	1.00000

13th LED POS:(0.8, 5.0, -0.1)
13th LED frame:
0.01401	0.16180	-0.15966	0.81991
0.00000	0.98672	0.02638	5.00000
0.16180	-0.01401	0.01382	-0.07097
0.00000	0.00000	0.00000	1.00000

14th LED POS:(0.7, 5.0, 0.4)
14th LED frame:
-0.08126	0.14271	-0.14077	0.72338
0.00000	0.98642	0.02697	5.00000
0.14271	0.08126	-0.08016	0.41191
0.00000	0.00000	0.00000	1.00000

15th LED POS:(0.4, 5.0, 0.8)
15th LED frame:
-0.14907	0.07312	-0.07210	0.37074
0.00000	0.98612	0.02757	5.00000
0.07312	0.14907	-0.14701	0.75587
0.00000	0.00000	0.00000	1.00000

16th LED POS:(-0.1, 5.0, 0.8)
16th LED frame:
-0.16634	-0.02250	0.02218	-0.11414
0.00000	0.98581	0.02818	5.00000
-0.02250	0.16634	-0.16398	0.84366
0.00000	0.00000	0.00000	1.00000

17th LED POS:(-0.6, 5.0, 0.6)
17th LED frame:
-0.12773	-0.11168	0.11006	-0.56659
0.00000	0.98550	0.02879	5.00000
-0.11168	0.12773	-0.12588	0.64805
0.00000	0.00000	0.00000	1.00000

18th LED POS:(-0.8, 5.0, 0.2)
18th LED frame:
-0.04653	-0.16504	0.16260	-0.83762
0.00000	0.98519	0.02940	5.00000
-0.16504	0.04653	-0.04584	0.23614
0.00000	0.00000	0.00000	1.00000

19th LED POS:(-0.8, 5.0, -0.3)
19th LED frame:
0.05064	-0.16572	0.16321	-0.84133
0.00000	0.98487	0.03003	5.00000
-0.16572	-0.05064	0.04987	-0.25707
0.00000	0.00000	0.00000	1.00000

20th LED POS:(-0.6, 5.0, -0.7)
20th LED frame:
0.13289	-0.11400	0.11224	-0.57895
0.00000	0.98455	0.03066	5.00000
-0.11400	-0.13289	0.13084	-0.67489
0.00000	0.00000	0.00000	1.00000

21th LED POS:(-0.1, 5.0, -0.9)
21th LED frame:
0.17491	-0.02640	0.02598	-0.13410
0.00000	0.98423	0.03129	5.00000
-0.02640	-0.17491	0.17216	-0.88859
0.00000	0.00000	0.00000	1.00000

22th LED POS:(0.4, 5.0, -0.8)
22th LED frame:
0.16434	0.07018	-0.06905	0.35664
0.00000	0.98390	0.03193	5.00000
0.07018	-0.16434	0.16169	-0.83514
0.00000	0.00000	0.00000	1.00000

23th LED POS:(0.7, 5.0, -0.5)
23th LED frame:
0.10481	0.14695	-0.14454	0.74703
0.00000	0.98358	0.03258	5.00000
0.14695	-0.10481	0.10309	-0.53280
0.00000	0.00000	0.00000	1.00000

24th LED POS:(0.9, 5.0, -0.1)
24th LED frame:
0.01412	0.18175	-0.17871	0.92424
0.00000	0.98324	0.03323	5.00000
0.18175	-0.01412	0.01388	-0.07178
0.00000	0.00000	0.00000	1.00000

25th LED POS:(0.8, 5.0, 0.4)
25th LED frame:
-0.08157	0.16504	-0.16222	0.83955
0.00000	0.98291	0.03389	5.00000
0.16504	0.08157	-0.08017	0.41492
0.00000	0.00000	0.00000	1.00000

26th LED POS:(0.5, 5.0, 0.8)
26th LED frame:
-0.15543	0.10197	-0.10020	0.51891
0.00000	0.98257	0.03456	5.00000
0.10197	0.15543	-0.15272	0.79091
0.00000	0.00000	0.00000	1.00000

27th LED POS:(0.1, 5.0, 1.0)
27th LED frame:
-0.18740	0.01028	-0.01010	0.05232
0.00000	0.98223	0.03523	5.00000
0.01028	0.18740	-0.18407	0.95397
0.00000	0.00000	0.00000	1.00000

28th LED POS:(-0.4, 5.0, 0.9)
28th LED frame:
-0.16928	-0.08511	0.08357	-0.43343
0.00000	0.98189	0.03590	5.00000
-0.08511	0.16928	-0.16622	0.86203
0.00000	0.00000	0.00000	1.00000

29th LED POS:(-0.8, 5.0, 0.5)
29th LED frame:
-0.10631	-0.15900	0.15607	-0.80997
0.00000	0.98154	0.03658	5.00000
-0.15900	0.10631	-0.10434	0.54153
0.00000	0.00000	0.00000	1.00000

30th LED POS:(-1.0, 5.0, 0.1)
30th LED frame:
-0.01518	-0.19246	0.18884	-0.98074
0.00000	0.98119	0.03727	5.00000
-0.19246	0.01518	-0.01489	0.07736
0.00000	0.00000	0.00000	1.00000

31th LED POS:(-0.9, 5.0, -0.4)
31th LED frame:
0.08069	-0.17735	0.17395	-0.90405
0.00000	0.98083	0.03796	5.00000
-0.17735	-0.08069	0.07915	-0.41136
0.00000	0.00000	0.00000	1.00000

32th LED POS:(-0.6, 5.0, -0.8)
32th LED frame:
0.15738	-0.11787	0.11557	-0.60110
0.00000	0.98048	0.03866	5.00000
-0.11787	-0.15738	0.15430	-0.80255
0.00000	0.00000	0.00000	1.00000

33th LED POS:(-0.1, 5.0, -1.0)
33th LED frame:
0.19628	-0.02899	0.02841	-0.14788
0.00000	0.98012	0.03937	5.00000
-0.02899	-0.19628	0.19238	-1.00130
0.00000	0.00000	0.00000	1.00000

34th LED POS:(0.3, 5.0, -1.0)
34th LED frame:
0.18839	0.06770	-0.06633	0.34549
0.00000	0.97976	0.04008	5.00000
0.06770	-0.18839	0.18458	-0.96143
0.00000	0.00000	0.00000	1.00000

35th LED POS:(0.8, 5.0, -0.7)
35th LED frame:
0.13599	0.14932	-0.14624	0.76230
0.00000	0.97939	0.04079	5.00000
0.14932	-0.13599	0.13319	-0.69428
0.00000	0.00000	0.00000	1.00000

36th LED POS:(1.0, 5.0, -0.3)
36th LED frame:
0.05161	0.19710	-0.19296	1.00660
0.00000	0.97902	0.04151	5.00000
0.19710	-0.05161	0.05053	-0.26358
0.00000	0.00000	0.00000	1.00000

37th LED POS:(1.0, 5.0, 0.2)
37th LED frame:
-0.04528	0.20047	-0.19619	1.02419
0.00000	0.97865	0.04224	5.00000
0.20047	0.04528	-0.04432	0.23136
0.00000	0.00000	0.00000	1.00000

38th LED POS:(0.8, 5.0, 0.7)
38th LED frame:
-0.13293	0.15906	-0.15560	0.81295
0.00000	0.97828	0.04297	5.00000
0.15906	0.13293	-0.13004	0.67939
0.00000	0.00000	0.00000	1.00000

39th LED POS:(0.4, 5.0, 1.0)
39th LED frame:
-0.19216	0.08235	-0.08053	0.42107
0.00000	0.97790	0.04371	5.00000
0.08235	0.19216	-0.18791	0.98249
0.00000	0.00000	0.00000	1.00000

40th LED POS:(-0.1, 5.0, 1.1)
40th LED frame:
-0.21044	-0.01280	0.01251	-0.06545
0.00000	0.97752	0.04445	5.00000
-0.01280	0.21044	-0.20571	1.07639
0.00000	0.00000	0.00000	1.00000

41th LED POS:(-0.5, 5.0, 0.9)
41th LED frame:
-0.18425	-0.10605	0.10363	-0.54268
0.00000	0.97714	0.04520	5.00000
-0.10605	0.18425	-0.18004	0.94281
0.00000	0.00000	0.00000	1.00000

42th LED POS:(-0.9, 5.0, 0.6)
42th LED frame:
-0.11943	-0.17800	0.17387	-0.91120
0.00000	0.97676	0.04595	5.00000
-0.17800	0.11943	-0.11665	0.61136
0.00000	0.00000	0.00000	1.00000

43th LED POS:(-1.1, 5.0, 0.2)
43th LED frame:
-0.02959	-0.21409	0.20903	-1.09634
0.00000	0.97637	0.04671	5.00000
-0.21409	0.02959	-0.02889	0.15151
0.00000	0.00000	0.00000	1.00000

44th LED POS:(-1.1, 5.0, -0.3)
44th LED frame:
0.06697	-0.20733	0.20235	-1.06217
0.00000	0.97598	0.04747	5.00000
-0.20733	-0.06697	0.06537	-0.34311
0.00000	0.00000	0.00000	1.00000

45th LED POS:(-0.8, 5.0, -0.8)
45th LED frame:
0.15106	-0.15944	0.15555	-0.81715
0.00000	0.97558	0.04824	5.00000
-0.15944	-0.15106	0.14737	-0.77421
0.00000	0.00000	0.00000	1.00000

46th LED POS:(-0.4, 5.0, -1.1)
46th LED frame:
0.20640	-0.08009	0.07810	-0.41062
0.00000	0.97518	0.04901	5.00000
-0.08009	-0.20640	0.20128	-1.05826
0.00000	0.00000	0.00000	1.00000

47th LED POS:(0.1, 5.0, -1.1)
47th LED frame:
0.22262	0.01526	-0.01488	0.07828
0.00000	0.97479	0.04979	5.00000
0.01526	-0.22262	0.21701	-1.14191
0.00000	0.00000	0.00000	1.00000

48th LED POS:(-0.5, 5.0, -0.5)
48th LED frame:0.09804	-0.09804	0.09709	-0.49497
0.00000	0.99034	0.01922	5.00000
-0.09804	-0.09804	0.09709	-0.49497
0.00000	0.00000	0.00000	1.00000

49th LED POS:(-0.1, 5.0, -0.7)
49th LED frame:0.14008	-0.01067	0.01056	-0.05388
0.00000	0.99008	0.01974	5.00000
-0.01067	-0.14008	0.13869	-0.70741
0.00000	0.00000	0.00000	1.00000

50th LED POS:(0.4, 5.0, -0.6)
50th LED frame:0.11550	0.08315	-0.08230	0.42003
0.00000	0.98982	0.02026	5.00000
0.08315	-0.11550	0.11433	-0.58345
0.00000	0.00000	0.00000	1.00000

51th LED POS:(0.7, 5.0, -0.2)
51th LED frame:0.03650	0.13946	-0.13800	0.70464
0.00000	0.98956	0.02078	5.00000
0.13946	-0.03650	0.03612	-0.18444
0.00000	0.00000	0.00000	1.00000

52th LED POS:(0.7, 5.0, 0.3)
52th LED frame:-0.06031	0.13294	-0.13152	0.67192
0.00000	0.98929	0.02131	5.00000
0.13294	0.06031	-0.05967	0.30484
0.00000	0.00000	0.00000	1.00000

53th LED POS:(0.3, 5.0, 0.7)
53th LED frame:-0.13168	0.06716	-0.06643	0.33955
0.00000	0.98901	0.02185	5.00000
0.06716	0.13168	-0.13023	0.66570
0.00000	0.00000	0.00000	1.00000

54th LED POS:(-0.1, 5.0, 0.7)
54th LED frame:-0.14687	-0.02872	0.02839	-0.14522
0.00000	0.98874	0.02239	5.00000
-0.02872	0.14687	-0.14521	0.74269
0.00000	0.00000	0.00000	1.00000

55th LED POS:(-0.6, 5.0, 0.5)
55th LED frame:-0.10002	-0.11376	0.11245	-0.57544
0.00000	0.98846	0.02294	5.00000
-0.11376	0.10002	-0.09886	0.50592
0.00000	0.00000	0.00000	1.00000

56th LED POS:(-0.8, 5.0, 0.1)
56th LED frame:-0.01114	-0.15290	0.15109	-0.77362
0.00000	0.98818	0.02350	5.00000
-0.15290	0.01114	-0.01101	0.05638
0.00000	0.00000	0.00000	1.00000

57th LED POS:(-0.7, 5.0, -0.4)
57th LED frame:0.08343	-0.13078	0.12920	-0.66192
0.00000	0.98789	0.02406	5.00000
-0.13078	-0.08343	0.08242	-0.42225
0.00000	0.00000	0.00000	1.00000

58th LED POS:(-0.3, 5.0, -0.7)
58th LED frame:0.14633	-0.05676	0.05606	-0.28737
0.00000	0.98761	0.02463	5.00000
-0.05676	-0.14633	0.14451	-0.74081
0.00000	0.00000	0.00000	1.00000

59th LED POS:(0.2, 5.0, -0.8)
59th LED frame:0.15362	0.04011	-0.03960	0.20311
0.00000	0.98732	0.02521	5.00000
0.04011	-0.15362	0.15167	-0.77798
0.00000	0.00000	0.00000	1.00000

60th LED POS:(0.6, 5.0, -0.5)
60th LED frame:0.10312	0.12310	-0.12151	0.62362
0.00000	0.98702	0.02579	5.00000
0.12310	-0.10312	0.10179	-0.52240
0.00000	0.00000	0.00000	1.00000

61th LED POS:(0.8, 5.0, -0.1)
61th LED frame:0.01401	0.16180	-0.15966	0.81991
0.00000	0.98672	0.02638	5.00000
0.16180	-0.01401	0.01382	-0.07097
0.00000	0.00000	0.00000	1.00000

62th LED POS:(0.7, 5.0, 0.4)
62th LED frame:-0.08126	0.14271	-0.14077	0.72338
0.00000	0.98642	0.02697	5.00000
0.14271	0.08126	-0.08016	0.41191
0.00000	0.00000	0.00000	1.00000

63th LED POS:(0.4, 5.0, 0.8)
63th LED frame:-0.14907	0.07312	-0.07210	0.37074
0.00000	0.98612	0.02757	5.00000
0.07312	0.14907	-0.14701	0.75587
0.00000	0.00000	0.00000	1.00000

64th LED POS:(-0.1, 5.0, 0.8)
64th LED frame:-0.16634	-0.02250	0.02218	-0.11414
0.00000	0.98581	0.02818	5.00000
-0.02250	0.16634	-0.16398	0.84366
0.00000	0.00000	0.00000	1.00000

65th LED POS:(-0.6, 5.0, 0.6)
65th LED frame:-0.12773	-0.11168	0.11006	-0.56659
0.00000	0.98550	0.02879	5.00000
-0.11168	0.12773	-0.12588	0.64805
0.00000	0.00000	0.00000	1.00000

66th LED POS:(-0.8, 5.0, 0.2)
66th LED frame:-0.04653	-0.16504	0.16260	-0.83762
0.00000	0.98519	0.02940	5.00000
-0.16504	0.04653	-0.04584	0.23614
0.00000	0.00000	0.00000	1.00000

67th LED POS:(-0.8, 5.0, -0.3)
67th LED frame:0.05064	-0.16572	0.16321	-0.84133
0.00000	0.98487	0.03003	5.00000
-0.16572	-0.05064	0.04987	-0.25707
0.00000	0.00000	0.00000	1.00000

68th LED POS:(-0.6, 5.0, -0.7)
68th LED frame:0.13289	-0.11400	0.11224	-0.57895
0.00000	0.98455	0.03066	5.00000
-0.11400	-0.13289	0.13084	-0.67489
0.00000	0.00000	0.00000	1.00000

69th LED POS:(-0.1, 5.0, -0.9)
69th LED frame:0.17491	-0.02640	0.02598	-0.13410
0.00000	0.98423	0.03129	5.00000
-0.02640	-0.17491	0.17216	-0.88859
0.00000	0.00000	0.00000	1.00000

70th LED POS:(0.4, 5.0, -0.8)
70th LED frame:0.16434	0.07018	-0.06905	0.35664
0.00000	0.98390	0.03193	5.00000
0.07018	-0.16434	0.16169	-0.83514
0.00000	0.00000	0.00000	1.00000

71th LED POS:(0.7, 5.0, -0.5)
71th LED frame:0.10481	0.14695	-0.14454	0.74703
0.00000	0.98358	0.03258	5.00000
0.14695	-0.10481	0.10309	-0.53280
0.00000	0.00000	0.00000	1.00000

72th LED POS:(0.9, 5.0, -0.1)
72th LED frame:0.01412	0.18175	-0.17871	0.92424
0.00000	0.98324	0.03323	5.00000
0.18175	-0.01412	0.01388	-0.07178
0.00000	0.00000	0.00000	1.00000

73th LED POS:(0.8, 5.0, 0.4)
73th LED frame:-0.08157	0.16504	-0.16222	0.83955
0.00000	0.98291	0.03389	5.00000
0.16504	0.08157	-0.08017	0.41492
0.00000	0.00000	0.00000	1.00000

74th LED POS:(0.5, 5.0, 0.8)
74th LED frame:-0.15543	0.10197	-0.10020	0.51891
0.00000	0.98257	0.03456	5.00000
0.10197	0.15543	-0.15272	0.79091
0.00000	0.00000	0.00000	1.00000

75th LED POS:(0.1, 5.0, 1.0)
75th LED frame:-0.18740	0.01028	-0.01010	0.05232
0.00000	0.98223	0.03523	5.00000
0.01028	0.18740	-0.18407	0.95397
0.00000	0.00000	0.00000	1.00000

76th LED POS:(-0.4, 5.0, 0.9)
76th LED frame:-0.16928	-0.08511	0.08357	-0.43343
0.00000	0.98189	0.03590	5.00000
-0.08511	0.16928	-0.16622	0.86203
0.00000	0.00000	0.00000	1.00000

77th LED POS:(-0.8, 5.0, 0.5)
77th LED frame:-0.10631	-0.15900	0.15607	-0.80997
0.00000	0.98154	0.03658	5.00000
-0.15900	0.10631	-0.10434	0.54153
0.00000	0.00000	0.00000	1.00000

78th LED POS:(-1.0, 5.0, 0.1)
78th LED frame:-0.01518	-0.19246	0.18884	-0.98074
0.00000	0.98119	0.03727	5.00000
-0.19246	0.01518	-0.01489	0.07736
0.00000	0.00000	0.00000	1.00000

79th LED POS:(-0.9, 5.0, -0.4)
79th LED frame:0.08069	-0.17735	0.17395	-0.90405
0.00000	0.98083	0.03796	5.00000
-0.17735	-0.08069	0.07915	-0.41136
0.00000	0.00000	0.00000	1.00000

80th LED POS:(-0.6, 5.0, -0.8)
80th LED frame:0.15738	-0.11787	0.11557	-0.60110
0.00000	0.98048	0.03866	5.00000
-0.11787	-0.15738	0.15430	-0.80255
0.00000	0.00000	0.00000	1.00000

81th LED POS:(-0.1, 5.0, -1.0)
81th LED frame:0.19628	-0.02899	0.02841	-0.14788
0.00000	0.98012	0.03937	5.00000
-0.02899	-0.19628	0.19238	-1.00130
0.00000	0.00000	0.00000	1.00000

82th LED POS:(0.3, 5.0, -1.0)
82th LED frame:0.18839	0.06770	-0.06633	0.34549
0.00000	0.97976	0.04008	5.00000
0.06770	-0.18839	0.18458	-0.96143
0.00000	0.00000	0.00000	1.00000

83th LED POS:(0.8, 5.0, -0.7)
83th LED frame:0.13599	0.14932	-0.14624	0.76230
0.00000	0.97939	0.04079	5.00000
0.14932	-0.13599	0.13319	-0.69428
0.00000	0.00000	0.00000	1.00000

84th LED POS:(1.0, 5.0, -0.3)
84th LED frame:0.05161	0.19710	-0.19296	1.00660
0.00000	0.97902	0.04151	5.00000
0.19710	-0.05161	0.05053	-0.26358
0.00000	0.00000	0.00000	1.00000

85th LED POS:(1.0, 5.0, 0.2)
85th LED frame:-0.04528	0.20047	-0.19619	1.02419
0.00000	0.97865	0.04224	5.00000
0.20047	0.04528	-0.04432	0.23136
0.00000	0.00000	0.00000	1.00000

86th LED POS:(0.8, 5.0, 0.7)
86th LED frame:-0.13293	0.15906	-0.15560	0.81295
0.00000	0.97828	0.04297	5.00000
0.15906	0.13293	-0.13004	0.67939
0.00000	0.00000	0.00000	1.00000

87th LED POS:(0.4, 5.0, 1.0)
87th LED frame:-0.19216	0.08235	-0.08053	0.42107
0.00000	0.97790	0.04371	5.00000
0.08235	0.19216	-0.18791	0.98249
0.00000	0.00000	0.00000	1.00000

88th LED POS:(-0.1, 5.0, 1.1)
88th LED frame:-0.21044	-0.01280	0.01251	-0.06545
0.00000	0.97752	0.04445	5.00000
-0.01280	0.21044	-0.20571	1.07639
0.00000	0.00000	0.00000	1.00000

89th LED POS:(-0.5, 5.0, 0.9)
89th LED frame:-0.18425	-0.10605	0.10363	-0.54268
0.00000	0.97714	0.04520	5.00000
-0.10605	0.18425	-0.18004	0.94281
0.00000	0.00000	0.00000	1.00000

90th LED POS:(-0.9, 5.0, 0.6)
90th LED frame:-0.11943	-0.17800	0.17387	-0.91120
0.00000	0.97676	0.04595	5.00000
-0.17800	0.11943	-0.11665	0.61136
0.00000	0.00000	0.00000	1.00000

91th LED POS:(-1.1, 5.0, 0.2)
91th LED frame:-0.02959	-0.21409	0.20903	-1.09634
0.00000	0.97637	0.04671	5.00000
-0.21409	0.02959	-0.02889	0.15151
0.00000	0.00000	0.00000	1.00000

92th LED POS:(-1.1, 5.0, -0.3)
92th LED frame:0.06697	-0.20733	0.20235	-1.06217
0.00000	0.97598	0.04747	5.00000
-0.20733	-0.06697	0.06537	-0.34311
0.00000	0.00000	0.00000	1.00000

93th LED POS:(-0.8, 5.0, -0.8)
93th LED frame:0.15106	-0.15944	0.15555	-0.81715
0.00000	0.97558	0.04824	5.00000
-0.15944	-0.15106	0.14737	-0.77421
0.00000	0.00000	0.00000	1.00000

94th LED POS:(-0.4, 5.0, -1.1)
94th LED frame:0.20640	-0.08009	0.07810	-0.41062
0.00000	0.97518	0.04901	5.00000
-0.08009	-0.20640	0.20128	-1.05826
0.00000	0.00000	0.00000	1.00000

95th LED POS:(0.1, 5.0, -1.1)
95th LED frame:0.22262	0.01526	-0.01488	0.07828
0.00000	0.97479	0.04979	5.00000
0.01526	-0.22262	0.21701	-1.14191
0.00000	0.00000	0.00000	1.00000

96th LED POS:(0.6, 5.0, -1.6)
96th LED frame:-0.09709	-0.09804	0.09804	-0.49497
-0.01922	0.99034	0.00000	5.00000
-0.09709	-0.09804	-0.09804	-0.49497
0.00000	0.00000	0.00000	1.00000

97th LED POS:(1.0, 5.0, -1.4)
97th LED frame:-0.01056	-0.01067	0.14008	-0.05388
-0.01974	0.99008	0.00000	5.00000
-0.13869	-0.14008	-0.01067	-0.70741
0.00000	0.00000	0.00000	1.00000

98th LED POS:(1.4, 5.0, -1.0)
98th LED frame:0.08230	0.08315	0.11550	0.42003
-0.02026	0.98982	0.00000	5.00000
-0.11433	-0.11550	0.08315	-0.58345
0.00000	0.00000	0.00000	1.00000

99th LED POS:(1.6, 5.0, -0.6)
99th LED frame:0.13800	0.13946	0.03650	0.70464
-0.02078	0.98956	0.00000	5.00000
-0.03612	-0.03650	0.13946	-0.18444
0.00000	0.00000	0.00000	1.00000

100th LED POS:(1.7, 5.0, -0.1)
100th LED frame:0.13152	0.13294	-0.06031	0.67192
-0.02131	0.98929	0.00000	5.00000
0.05967	0.06031	0.13294	0.30484
0.00000	0.00000	0.00000	1.00000

101th LED POS:(1.7, 5.0, 0.4)
101th LED frame:0.06643	0.06716	-0.13168	0.33955
-0.02185	0.98901	0.00000	5.00000
0.13023	0.13168	0.06716	0.66570
0.00000	0.00000	0.00000	1.00000

102th LED POS:(1.5, 5.0, 0.9)
102th LED frame:-0.02839	-0.02872	-0.14687	-0.14522
-0.02239	0.98874	0.00000	5.00000
0.14521	0.14687	-0.02872	0.74269
0.00000	0.00000	0.00000	1.00000

103th LED POS:(1.2, 5.0, 1.3)
103th LED frame:-0.11245	-0.11376	-0.10002	-0.57544
-0.02294	0.98846	0.00000	5.00000
0.09886	0.10002	-0.11376	0.50592
0.00000	0.00000	0.00000	1.00000

104th LED POS:(0.8, 5.0, 1.6)
104th LED frame:-0.15109	-0.15290	-0.01114	-0.77362
-0.02350	0.98818	0.00000	5.00000
0.01101	0.01114	-0.15290	0.05638
0.00000	0.00000	0.00000	1.00000

105th LED POS:(0.3, 5.0, 1.7)
105th LED frame:-0.12920	-0.13078	0.08343	-0.66192
-0.02406	0.98789	0.00000	5.00000
-0.08242	-0.08343	-0.13078	-0.42225
0.00000	0.00000	0.00000	1.00000

106th LED POS:(-0.2, 5.0, 1.7)
106th LED frame:-0.05606	-0.05676	0.14633	-0.28737
-0.02463	0.98761	0.00000	5.00000
-0.14451	-0.14633	-0.05676	-0.74081
0.00000	0.00000	0.00000	1.00000

107th LED POS:(-0.7, 5.0, 1.6)
107th LED frame:0.03960	0.04011	0.15362	0.20311
-0.02521	0.98732	0.00000	5.00000
-0.15167	-0.15362	0.04011	-0.77798
0.00000	0.00000	0.00000	1.00000

108th LED POS:(-1.1, 5.0, 1.4)
108th LED frame:0.12151	0.12310	0.10312	0.62362
-0.02579	0.98702	0.00000	5.00000
-0.10179	-0.10312	0.12310	-0.52240
0.00000	0.00000	0.00000	1.00000

109th LED POS:(-1.4, 5.0, 1.0)
109th LED frame:0.15966	0.16180	0.01401	0.81991
-0.02638	0.98672	0.00000	5.00000
-0.01382	-0.01401	0.16180	-0.07097
0.00000	0.00000	0.00000	1.00000

110th LED POS:(-1.7, 5.0, 0.5)
110th LED frame:0.14077	0.14271	-0.08126	0.72338
-0.02697	0.98642	0.00000	5.00000
0.08016	0.08126	0.14271	0.41191
0.00000	0.00000	0.00000	1.00000

111th LED POS:(-1.8, 5.0, 0.1)
111th LED frame:0.07210	0.07312	-0.14907	0.37074
-0.02757	0.98612	0.00000	5.00000
0.14701	0.14907	0.07312	0.75587
0.00000	0.00000	0.00000	1.00000

112th LED POS:(-1.7, 5.0, -0.4)
112th LED frame:-0.02218	-0.02250	-0.16634	-0.11414
-0.02818	0.98581	0.00000	5.00000
0.16398	0.16634	-0.02250	0.84366
0.00000	0.00000	0.00000	1.00000

113th LED POS:(-1.5, 5.0, -0.9)
113th LED frame:-0.11006	-0.11168	-0.12773	-0.56659
-0.02879	0.98550	0.00000	5.00000
0.12588	0.12773	-0.11168	0.64805
0.00000	0.00000	0.00000	1.00000

114th LED POS:(-1.2, 5.0, -1.3)
114th LED frame:-0.16260	-0.16504	-0.04653	-0.83762
-0.02940	0.98519	0.00000	5.00000
0.04584	0.04653	-0.16504	0.23614
0.00000	0.00000	0.00000	1.00000

115th LED POS:(-0.8, 5.0, -1.6)
115th LED frame:-0.16321	-0.16572	0.05064	-0.84133
-0.03003	0.98487	0.00000	5.00000
-0.04987	-0.05064	-0.16572	-0.25707
0.00000	0.00000	0.00000	1.00000

116th LED POS:(-0.3, 5.0, -1.8)
116th LED frame:-0.11224	-0.11400	0.13289	-0.57895
-0.03066	0.98455	0.00000	5.00000
-0.13084	-0.13289	-0.11400	-0.67489
0.00000	0.00000	0.00000	1.00000

117th LED POS:(0.1, 5.0, -1.8)
117th LED frame:-0.02598	-0.02640	0.17491	-0.13410
-0.03129	0.98423	0.00000	5.00000
-0.17216	-0.17491	-0.02640	-0.88859
0.00000	0.00000	0.00000	1.00000

118th LED POS:(0.6, 5.0, -1.7)
118th LED frame:0.06905	0.07018	0.16434	0.35664
-0.03193	0.98390	0.00000	5.00000
-0.16169	-0.16434	0.07018	-0.83514
0.00000	0.00000	0.00000	1.00000

119th LED POS:(1.1, 5.0, -1.4)
119th LED frame:0.14454	0.14695	0.10481	0.74703
-0.03258	0.98358	0.00000	5.00000
-0.10309	-0.10481	0.14695	-0.53280
0.00000	0.00000	0.00000	1.00000

120th LED POS:(1.4, 5.0, -1.1)
120th LED frame:0.17871	0.18175	0.01412	0.92424
-0.03323	0.98324	0.00000	5.00000
-0.01388	-0.01412	0.18175	-0.07178
0.00000	0.00000	0.00000	1.00000

121th LED POS:(1.7, 5.0, -0.7)
121th LED frame:0.16222	0.16504	-0.08157	0.83955
-0.03389	0.98291	0.00000	5.00000
0.08017	0.08157	0.16504	0.41492
0.00000	0.00000	0.00000	1.00000

122th LED POS:(1.8, 5.0, -0.2)
122th LED frame:0.10020	0.10197	-0.15543	0.51891
-0.03456	0.98257	0.00000	5.00000
0.15272	0.15543	0.10197	0.79091
0.00000	0.00000	0.00000	1.00000

123th LED POS:(1.8, 5.0, 0.3)
123th LED frame:0.01010	0.01028	-0.18740	0.05232
-0.03523	0.98223	0.00000	5.00000
0.18407	0.18740	0.01028	0.95397
0.00000	0.00000	0.00000	1.00000

124th LED POS:(1.6, 5.0, 0.8)
124th LED frame:-0.08357	-0.08511	-0.16928	-0.43343
-0.03590	0.98189	0.00000	5.00000
0.16622	0.16928	-0.08511	0.86203
0.00000	0.00000	0.00000	1.00000

125th LED POS:(1.4, 5.0, 1.2)
125th LED frame:-0.15607	-0.15900	-0.10631	-0.80997
-0.03658	0.98154	0.00000	5.00000
0.10434	0.10631	-0.15900	0.54153
0.00000	0.00000	0.00000	1.00000

126th LED POS:(1.0, 5.0, 1.5)
126th LED frame:-0.18884	-0.19246	-0.01518	-0.98074
-0.03727	0.98119	0.00000	5.00000
0.01489	0.01518	-0.19246	0.07736
0.00000	0.00000	0.00000	1.00000

127th LED POS:(0.5, 5.0, 1.8)
127th LED frame:-0.17395	-0.17735	0.08069	-0.90405
-0.03796	0.98083	0.00000	5.00000
-0.07915	-0.08069	-0.17735	-0.41136
0.00000	0.00000	0.00000	1.00000

128th LED POS:(0.0, 5.0, 1.8)
128th LED frame:-0.11557	-0.11787	0.15738	-0.60110
-0.03866	0.98048	0.00000	5.00000
-0.15430	-0.15738	-0.11787	-0.80255
0.00000	0.00000	0.00000	1.00000

129th LED POS:(-0.4, 5.0, 1.8)
129th LED frame:-0.02841	-0.02899	0.19628	-0.14788
-0.03937	0.98012	0.00000	5.00000
-0.19238	-0.19628	-0.02899	-1.00130
0.00000	0.00000	0.00000	1.00000

130th LED POS:(-0.9, 5.0, 1.6)
130th LED frame:0.06633	0.06770	0.18839	0.34549
-0.04008	0.97976	0.00000	5.00000
-0.18458	-0.18839	0.06770	-0.96143
0.00000	0.00000	0.00000	1.00000

131th LED POS:(-1.3, 5.0, 1.3)
131th LED frame:0.14624	0.14932	0.13599	0.76230
-0.04079	0.97939	0.00000	5.00000
-0.13319	-0.13599	0.14932	-0.69428
0.00000	0.00000	0.00000	1.00000

132th LED POS:(-1.6, 5.0, 0.9)
132th LED frame:0.19296	0.19710	0.05161	1.00660
-0.04151	0.97902	0.00000	5.00000
-0.05053	-0.05161	0.19710	-0.26358
0.00000	0.00000	0.00000	1.00000

133th LED POS:(-1.8, 5.0, 0.5)
133th LED frame:0.19619	0.20047	-0.04528	1.02419
-0.04224	0.97865	0.00000	5.00000
0.04432	0.04528	0.20047	0.23136
0.00000	0.00000	0.00000	1.00000

134th LED POS:(-1.9, 5.0, 0.0)
134th LED frame:0.15560	0.15906	-0.13293	0.81295
-0.04297	0.97828	0.00000	5.00000
0.13004	0.13293	0.15906	0.67939
0.00000	0.00000	0.00000	1.00000

135th LED POS:(-1.8, 5.0, -0.5)
135th LED frame:0.08053	0.08235	-0.19216	0.42107
-0.04371	0.97790	0.00000	5.00000
0.18791	0.19216	0.08235	0.98249
0.00000	0.00000	0.00000	1.00000

136th LED POS:(-1.6, 5.0, -1.0)
136th LED frame:-0.01251	-0.01280	-0.21044	-0.06545
-0.04445	0.97752	0.00000	5.00000
0.20571	0.21044	-0.01280	1.07639
0.00000	0.00000	0.00000	1.00000

137th LED POS:(-1.3, 5.0, -1.4)
137th LED frame:-0.10363	-0.10605	-0.18425	-0.54268
-0.04520	0.97714	0.00000	5.00000
0.18004	0.18425	-0.10605	0.94281
0.00000	0.00000	0.00000	1.00000

138th LED POS:(-0.9, 5.0, -1.7)
138th LED frame:-0.17387	-0.17800	-0.11943	-0.91120
-0.04595	0.97676	0.00000	5.00000
0.11665	0.11943	-0.17800	0.61136
0.00000	0.00000	0.00000	1.00000

139th LED POS:(-0.4, 5.0, -1.8)
139th LED frame:-0.20903	-0.21409	-0.02959	-1.09634
-0.04671	0.97637	0.00000	5.00000
0.02889	0.02959	-0.21409	0.15151
0.00000	0.00000	0.00000	1.00000

140th LED POS:(0.1, 5.0, -1.9)
140th LED frame:-0.20235	-0.20733	0.06697	-1.06217
-0.04747	0.97598	0.00000	5.00000
-0.06537	-0.06697	-0.20733	-0.34311
0.00000	0.00000	0.00000	1.00000

141th LED POS:(0.6, 5.0, -1.8)
141th LED frame:-0.15555	-0.15944	0.15106	-0.81715
-0.04824	0.97558	0.00000	5.00000
-0.14737	-0.15106	-0.15944	-0.77421
0.00000	0.00000	0.00000	1.00000

142th LED POS:(1.0, 5.0, -1.6)
142th LED frame:-0.07810	-0.08009	0.20640	-0.41062
-0.04901	0.97518	0.00000	5.00000
-0.20128	-0.20640	-0.08009	-1.05826
0.00000	0.00000	0.00000	1.00000

143th LED POS:(1.4, 5.0, -1.3)
143th LED frame:0.01488	0.01526	0.22262	0.07828
-0.04979	0.97479	0.00000	5.00000
-0.21701	-0.22262	0.01526	-1.14191
0.00000	0.00000	0.00000	1.00000

144th LED POS:(1.7, 5.0, -0.9)
144th LED frame:0.10424	0.11010	0.30249	0.58143
-0.10362	0.94677	0.00000	5.00000
-0.28639	-0.30249	0.11010	-1.59748
0.00000	0.00000	0.00000	1.00000

145th LED POS:(1.9, 5.0, -0.4)
145th LED frame:0.18306	0.19340	0.25824	1.02162
-0.10409	0.94652	0.00000	5.00000
-0.24443	-0.25824	0.19340	-1.36417
0.00000	0.00000	0.00000	1.00000

146th LED POS:(1.9, 5.0, 0.1)
146th LED frame:0.24635	0.26033	0.19181	1.37556
-0.10456	0.94627	0.00000	5.00000
-0.18151	-0.19181	0.26033	-1.01352
0.00000	0.00000	0.00000	1.00000

147th LED POS:(1.8, 5.0, 0.6)
147th LED frame:0.28877	0.30524	0.10892	1.61330
-0.10504	0.94602	0.00000	5.00000
-0.10304	-0.10892	0.30524	-0.57569
0.00000	0.00000	0.00000	1.00000

148th LED POS:(1.6, 5.0, 1.1)
148th LED frame:0.30681	0.32440	0.01663	1.71499
-0.10551	0.94577	0.00000	5.00000
-0.01573	-0.01663	0.32440	-0.08793
0.00000	0.00000	0.00000	1.00000

149th LED POS:(1.3, 5.0, 1.4)
149th LED frame:0.29903	0.31626	-0.07724	1.67239
-0.10599	0.94552	0.00000	5.00000
0.07304	0.07724	0.31626	0.40847
0.00000	0.00000	0.00000	1.00000

150th LED POS:(0.9, 5.0, 1.7)
150th LED frame:0.26617	0.28158	-0.16484	1.48942
-0.10646	0.94527	0.00000	5.00000
0.15582	0.16484	0.28158	0.87192
0.00000	0.00000	0.00000	1.00000

151th LED POS:(0.4, 5.0, 1.9)
151th LED frame:0.21106	0.22334	-0.23886	1.18169
-0.10694	0.94502	0.00000	5.00000
0.22573	0.23886	0.22334	1.26378
0.00000	0.00000	0.00000	1.00000

152th LED POS:(-0.1, 5.0, 1.9)
152th LED frame:0.13835	0.14644	-0.29320	0.77502
-0.10741	0.94477	0.00000	5.00000
0.27701	0.29320	0.14644	1.55171
0.00000	0.00000	0.00000	1.00000

153th LED POS:(-0.6, 5.0, 1.9)
153th LED frame:0.05411	0.05729	-0.32343	0.30329
-0.10789	0.94452	0.00000	5.00000
0.30548	0.32343	0.05729	1.71214
0.00000	0.00000	0.00000	1.00000

154th LED POS:(-1.0, 5.0, 1.7)
154th LED frame:-0.03470	-0.03675	-0.32713	-0.19460
-0.10837	0.94426	0.00000	5.00000
0.30890	0.32713	-0.03675	1.73221
0.00000	0.00000	0.00000	1.00000

155th LED POS:(-1.4, 5.0, 1.3)
155th LED frame:-0.12081	-0.12797	-0.30408	-0.67782
-0.10884	0.94401	0.00000	5.00000
0.28706	0.30408	-0.12797	1.61060
0.00000	0.00000	0.00000	1.00000

156th LED POS:(-1.7, 5.0, 0.9)
156th LED frame:-0.19721	-0.20896	-0.25624	-1.10709
-0.10932	0.94376	0.00000	5.00000
0.24183	0.25624	-0.20896	1.35754
0.00000	0.00000	0.00000	1.00000

157th LED POS:(-1.9, 5.0, 0.5)
157th LED frame:-0.25775	-0.27319	-0.18754	-1.44773
-0.10980	0.94350	0.00000	5.00000
0.17695	0.18754	-0.27319	0.99386
0.00000	0.00000	0.00000	1.00000

158th LED POS:(-2.0, 5.0, 0.0)
158th LED frame:-0.29761	-0.31552	-0.10359	-1.67252
-0.11028	0.94325	0.00000	5.00000
0.09771	0.10359	-0.31552	0.54911
0.00000	0.00000	0.00000	1.00000

159th LED POS:(-1.9, 5.0, -0.5)
159th LED frame:-0.31366	-0.33263	-0.01117	-1.76367
-0.11076	0.94299	0.00000	5.00000
0.01053	0.01117	-0.33263	0.05920
0.00000	0.00000	0.00000	1.00000

160th LED POS:(-1.7, 5.0, -1.0)
160th LED frame:-0.30471	-0.32321	0.08234	-1.71423
-0.11125	0.94274	0.00000	5.00000
-0.07762	-0.08234	-0.32321	-0.43668
0.00000	0.00000	0.00000	1.00000

161th LED POS:(-1.4, 5.0, -1.4)
161th LED frame:-0.27154	-0.28811	0.16948	-1.52845
-0.11173	0.94248	0.00000	5.00000
-0.15973	-0.16948	-0.28811	-0.89909
0.00000	0.00000	0.00000	1.00000

162th LED POS:(-1.0, 5.0, -1.7)
162th LED frame:-0.21686	-0.23016	0.24339	-1.22135
-0.11221	0.94223	0.00000	5.00000
-0.22933	-0.24339	-0.23016	-1.29156
0.00000	0.00000	0.00000	1.00000

163th LED POS:(-0.6, 5.0, -1.9)
163th LED frame:-0.14505	-0.15399	0.29830	-0.81736
-0.11269	0.94197	0.00000	5.00000
-0.28099	-0.29830	-0.15399	-1.58339
0.00000	0.00000	0.00000	1.00000

164th LED POS:(-0.1, 5.0, -2.0)
164th LED frame:-0.06179	-0.06561	0.32996	-0.34837
-0.11318	0.94171	0.00000	5.00000
-0.31073	-0.32996	-0.06561	-1.75192
0.00000	0.00000	0.00000	1.00000

165th LED POS:(0.4, 5.0, -2.0)
165th LED frame:0.02641	0.02805	0.33597	0.14897
-0.11366	0.94145	0.00000	5.00000
-0.31630	-0.33597	0.02805	-1.78432
0.00000	0.00000	0.00000	1.00000

166th LED POS:(0.9, 5.0, -1.8)
166th LED frame:0.11267	0.11971	0.31594	0.63595
-0.11415	0.94120	0.00000	5.00000
-0.29736	-0.31594	0.11971	-1.67840
0.00000	0.00000	0.00000	1.00000

167th LED POS:(1.3, 5.0, -1.5)
167th LED frame:0.19036	0.20231	0.27149	1.07506
-0.11463	0.94094	0.00000	5.00000
-0.25545	-0.27149	0.20231	-1.44263
0.00000	0.00000	0.00000	1.00000

168th LED POS:(1.6, 5.0, -1.2)
168th LED frame:0.25354	0.26953	0.20609	1.43263
-0.11512	0.94068	0.00000	5.00000
-0.19387	-0.20609	0.26953	-1.09546
0.00000	0.00000	0.00000	1.00000

169th LED POS:(1.9, 5.0, -0.7)
169th LED frame:0.29743	0.31627	0.12483	1.68154
-0.11561	0.94042	0.00000	5.00000
-0.11739	-0.12483	0.31627	-0.66367
0.00000	0.00000	0.00000	1.00000

170th LED POS:(2.0, 5.0, -0.3)
170th LED frame:0.31875	0.33904	0.03390	1.80309
-0.11610	0.94016	0.00000	5.00000
-0.03187	-0.03390	0.33904	-0.18029
0.00000	0.00000	0.00000	1.00000

171th LED POS:(2.0, 5.0, 0.2)
171th LED frame:0.31597	0.33618	-0.05976	1.78836
-0.11659	0.93990	0.00000	5.00000
0.05617	0.05976	0.33618	0.31790
0.00000	0.00000	0.00000	1.00000

172th LED POS:(1.9, 5.0, 0.7)
172th LED frame:0.28938	0.30797	-0.14909	1.63876
-0.11707	0.93964	0.00000	5.00000
0.14010	0.14909	0.30797	0.79336
0.00000	0.00000	0.00000	1.00000

173th LED POS:(1.7, 5.0, 1.2)
173th LED frame:0.24105	0.25661	-0.22741	1.36585
-0.11756	0.93938	0.00000	5.00000
0.21362	0.22741	0.25661	1.21043
0.00000	0.00000	0.00000	1.00000

174th LED POS:(1.3, 5.0, 1.5)
174th LED frame:0.17467	0.18599	-0.28890	0.99025
-0.11805	0.93912	0.00000	5.00000
0.27131	0.28890	0.18599	1.53812
0.00000	0.00000	0.00000	1.00000

175th LED POS:(0.9, 5.0, 1.8)
175th LED frame:0.09523	0.10143	-0.32903	0.54016
-0.11855	0.93886	0.00000	5.00000
0.30891	0.32903	0.10143	1.75227
0.00000	0.00000	0.00000	1.00000

176th LED POS:(0.4, 5.0, 2.0)
176th LED frame:0.00863	0.00920	-0.34490	0.04900
-0.11904	0.93860	0.00000	5.00000
0.32372	0.34490	0.00920	1.83729
0.00000	0.00000	0.00000	1.00000

177th LED POS:(-0.1, 5.0, 2.0)
177th LED frame:-0.07870	-0.08387	-0.33540	-0.44693
-0.11953	0.93833	0.00000	5.00000
0.31472	0.33540	-0.08387	1.78722
0.00000	0.00000	0.00000	1.00000

178th LED POS:(-0.5, 5.0, 2.0)
178th LED frame:-0.16039	-0.17098	-0.30131	-0.91132
-0.12002	0.93807	0.00000	5.00000
0.28265	0.30131	-0.17098	1.60602
0.00000	0.00000	0.00000	1.00000

179th LED POS:(-1.0, 5.0, 1.8)
179th LED frame:-0.23048	-0.24576	-0.24519	-1.31031
-0.12052	0.93781	0.00000	5.00000
0.22994	0.24519	-0.24576	1.30723
0.00000	0.00000	0.00000	1.00000

180th LED POS:(-1.4, 5.0, 1.5)
180th LED frame:-0.28393	-0.30285	-0.17115	-1.61511
-0.12101	0.93754	0.00000	5.00000
0.16046	0.17115	-0.30285	0.91278
0.00000	0.00000	0.00000	1.00000

181th LED POS:(-1.7, 5.0, 1.1)
181th LED frame:-0.31694	-0.33815	-0.08462	-1.80387
-0.12150	0.93728	0.00000	5.00000
0.07931	0.08462	-0.33815	0.45142
0.00000	0.00000	0.00000	1.00000

182th LED POS:(-2.0, 5.0, 0.7)
182th LED frame:-0.32720	-0.34919	0.00816	-1.86330
-0.12200	0.93702	0.00000	5.00000
-0.00765	-0.00816	-0.34919	-0.04354
0.00000	0.00000	0.00000	1.00000

183th LED POS:(-2.1, 5.0, 0.2)
183th LED frame:-0.31404	-0.33525	0.10052	-1.78942
-0.12250	0.93675	0.00000	5.00000
-0.09416	-0.10052	-0.33525	-0.53653
0.00000	0.00000	0.00000	1.00000

184th LED POS:(-2.1, 5.0, -0.3)
184th LED frame:-0.27850	-0.29739	0.18588	-1.58778
-0.12299	0.93649	0.00000	5.00000
-0.17408	-0.18588	-0.29739	-0.99245
0.00000	0.00000	0.00000	1.00000

185th LED POS:(-1.9, 5.0, -0.8)
185th LED frame:-0.22316	-0.23836	0.25821	-1.27299
-0.12349	0.93622	0.00000	5.00000
-0.24174	-0.25821	-0.23836	-1.37900
0.00000	0.00000	0.00000	1.00000

186th LED POS:(-1.7, 5.0, -1.2)
186th LED frame:-0.15199	-0.16239	0.31243	-0.86752
-0.12399	0.93596	0.00000	5.00000
-0.29242	-0.31243	-0.16239	-1.66906
0.00000	0.00000	0.00000	1.00000

187th LED POS:(-1.4, 5.0, -1.6)
187th LED frame:-0.07006	-0.07488	0.34479	-0.40011
-0.12448	0.93569	0.00000	5.00000
-0.32261	-0.34479	-0.07488	-1.84242
0.00000	0.00000	0.00000	1.00000

188th LED POS:(-0.9, 5.0, -1.9)
188th LED frame:0.01687	0.01804	0.35307	0.09642
-0.12498	0.93542	0.00000	5.00000
-0.33027	-0.35307	0.01804	-1.88721
0.00000	0.00000	0.00000	1.00000

189th LED POS:(-0.5, 5.0, -2.0)
189th LED frame:0.10273	0.10986	0.33677	0.58738
-0.12548	0.93516	0.00000	5.00000
-0.31493	-0.33677	0.10986	-1.80060
0.00000	0.00000	0.00000	1.00000

190th LED POS:(0.0, 5.0, -2.1)
190th LED frame:0.18158	0.19422	0.29708	1.03875
-0.12598	0.93489	0.00000	5.00000
-0.27774	-0.29708	0.19422	-1.58888
0.00000	0.00000	0.00000	1.00000

191th LED POS:(0.5, 5.0, -2.0)
191th LED frame:0.24798	0.26532	0.23682	1.41942
-0.12648	0.93462	0.00000	5.00000
-0.22134	-0.23682	0.26532	-1.26695
0.00000	0.00000	0.00000	1.00000

192th LED POS:(1.0, 5.0, -1.9)
192th LED frame:0.29742	0.31832	0.16018	1.70342
-0.12698	0.93435	0.00000	5.00000
-0.14966	-0.16018	0.31832	-0.85715
0.00000	0.00000	0.00000	1.00000

193th LED POS:(1.4, 5.0, -1.6)
193th LED frame:0.32658	0.34962	0.07244	1.87148
-0.12748	0.93409	0.00000	5.00000
-0.06767	-0.07244	0.34962	-0.38777
0.00000	0.00000	0.00000	1.00000

194th LED POS:(1.7, 5.0, -1.2)
194th LED frame:0.33353	0.35717	-0.02038	1.91243
-0.12799	0.93382	0.00000	5.00000
0.01903	0.02038	0.35717	0.10911
0.00000	0.00000	0.00000	1.00000

195th LED POS:(2.0, 5.0, -0.8)
195th LED frame:0.31789	0.34051	-0.11198	1.82376
-0.12849	0.93355	0.00000	5.00000
0.10454	0.11198	0.34051	0.59976
0.00000	0.00000	0.00000	1.00000

196th LED POS:(2.1, 5.0, -0.3)
196th LED frame:0.28077	0.30084	-0.19618	1.61176
-0.12899	0.93328	0.00000	5.00000
0.18309	0.19618	0.30084	1.05102
0.00000	0.00000	0.00000	1.00000

197th LED POS:(2.1, 5.0, 0.2)
197th LED frame:0.22475	0.24088	-0.26734	1.29090
-0.12950	0.93301	0.00000	5.00000
0.24943	0.26734	0.24088	1.43268
0.00000	0.00000	0.00000	1.00000

198th LED POS:(2.0, 5.0, 0.7)
198th LED frame:0.15363	0.16471	-0.32074	0.88294
-0.13000	0.93274	0.00000	5.00000
0.29916	0.32074	0.16471	1.71932
0.00000	0.00000	0.00000	1.00000

199th LED POS:(1.8, 5.0, 1.1)
199th LED frame:0.07220	0.07743	-0.35286	0.41520
-0.13051	0.93247	0.00000	5.00000
0.32903	0.35286	0.07743	1.89207
0.00000	0.00000	0.00000	1.00000

